0.0285714285714286 0 0.171428571428571 0.0857142857142857 0.171428571428571 0.0714285714285714 0.128571428571429 0.171428571428571 0
0 0 0 0 0 0 0 0.0285714285714286 0
0.128571428571429 0 0.0285714285714286 0.1 0.0285714285714286 0 0 0.0142857142857143 0
0.0142857142857143 0 0 0.0571428571428571 0.0142857142857143 0.0142857142857143 0.0142857142857143 0.0857142857142857 0
0.1 0 0.0571428571428571 0.0285714285714286 0.0142857142857143 0.0571428571428571 0.0571428571428571 0.0571428571428571 0
0.0142857142857143 0 0.0285714285714286 0.0857142857142857 0.0714285714285714 0.0571428571428571 0.0142857142857143 0 0
0.0428571428571429 0 0.0142857142857143 0 0.114285714285714 0.0285714285714286 0.0714285714285714 0.0428571428571429 0
0.0857142857142857 0.0142857142857143 0 0.0142857142857143 0.0714285714285714 0.142857142857143 0.0714285714285714 0.0142857142857143 0
0 0 0.0428571428571429 0.142857142857143 0.0571428571428571 0.0428571428571429 0.0142857142857143 0.0142857142857143 0
0.0714285714285714 0.814285714285714 0.0714285714285714 0.0428571428571429 0.0142857142857143 0.128571428571429 0.0857142857142857 0 0.914285714285714
0.0571428571428571 0.0428571428571429 0.0857142857142857 0.0142857142857143 0 0.0428571428571429 0.0142857142857143 0 0
0.0714285714285714 0 0.0285714285714286 0.0285714285714286 0.0285714285714286 0.0714285714285714 0.0142857142857143 0.0428571428571429 0
0 0 0.0142857142857143 0.0714285714285714 0.0142857142857143 0.0142857142857143 0.0428571428571429 0.128571428571429 0
0 0.0142857142857143 0.0428571428571429 0.0285714285714286 0.0428571428571429 0.0285714285714286 0.0714285714285714 0.0142857142857143 0
0.0285714285714286 0 0.0714285714285714 0.128571428571429 0.0285714285714286 0 0.0571428571428571 0.0142857142857143 0
0.0857142857142857 0 0.1 0.0428571428571429 0.0285714285714286 0.114285714285714 0.0142857142857143 0.0857142857142857 0
0.0285714285714286 0 0.0571428571428571 0.0142857142857143 0.0285714285714286 0.0428571428571429 0.0285714285714286 0.1 0
0.0285714285714286 0.0285714285714286 0.0142857142857143 0.0142857142857143 0.1 0.0142857142857143 0.0571428571428571 0.0428571428571429 0
0.0142857142857143 0 0.0142857142857143 0.0142857142857143 0.0714285714285714 0.0428571428571429 0.0714285714285714 0.0142857142857143 0
0.114285714285714 0 0.0714285714285714 0 0.0142857142857143 0 0.0857142857142857 0.0428571428571429 0
