0.0813397129186603 0.00956937799043062 0.076555023923445 0.0909090909090909 0.0861244019138756 0.0430622009569378 0.105263157894737 0.143540669856459 0.00478468899521531
0 0 0 0.0239234449760766 0 0.00478468899521531 0.0143540669856459 0 0
0 0 0 0.0382775119617225 0.0143540669856459 0.0287081339712919 0.00956937799043062 0 0
0 0.00956937799043062 0 0.133971291866029 0.00956937799043062 0 0.0143540669856459 0.0334928229665072 0
0.0382775119617225 0 0.0669856459330144 0.0239234449760766 0.0334928229665072 0.0526315789473684 0.0287081339712919 0.00478468899521531 0.167464114832536
0.0334928229665072 0 0.00478468899521531 0.105263157894737 0.076555023923445 0.0909090909090909 0.0334928229665072 0.0191387559808612 0
0 0.00478468899521531 0.00478468899521531 0.0191387559808612 0.0382775119617225 0.00478468899521531 0.0143540669856459 0 0.00956937799043062
0.00956937799043062 0.00478468899521531 0.0382775119617225 0.00478468899521531 0.0526315789473684 0.0239234449760766 0.0430622009569378 0.0287081339712919 0.0287081339712919
0.0717703349282297 0.0334928229665072 0.0143540669856459 0.0287081339712919 0.0191387559808612 0.0287081339712919 0.00478468899521531 0.0143540669856459 0
0.0478468899521531 0.0430622009569378 0.0430622009569378 0.0191387559808612 0.0382775119617225 0.0430622009569378 0.0813397129186603 0.0334928229665072 0.229665071770335
0.062200956937799 0.253588516746411 0.105263157894737 0.00956937799043062 0.0287081339712919 0.0287081339712919 0.0239234449760766 0.00478468899521531 0.0526315789473684
0.00956937799043062 0 0.0191387559808612 0.0382775119617225 0.0143540669856459 0.0334928229665072 0.0239234449760766 0.00478468899521531 0
0 0 0 0.0334928229665072 0.0191387559808612 0.0334928229665072 0.0526315789473684 0.172248803827751 0
0.0143540669856459 0.277511961722488 0.0191387559808612 0.0143540669856459 0.0143540669856459 0.0239234449760766 0.0334928229665072 0.0143540669856459 0
0.105263157894737 0.0143540669856459 0.0478468899521531 0.0239234449760766 0.0430622009569378 0.0382775119617225 0.00956937799043062 0.0287081339712919 0.00478468899521531
0.0287081339712919 0.0239234449760766 0.0143540669856459 0.0287081339712919 0.0669856459330144 0.076555023923445 0.076555023923445 0.0382775119617225 0
0.0191387559808612 0.00478468899521531 0.00478468899521531 0.00478468899521531 0.0430622009569378 0.062200956937799 0.0430622009569378 0.0478468899521531 0
0.0143540669856459 0.00478468899521531 0.0143540669856459 0.00478468899521531 0.0334928229665072 0.0430622009569378 0.0287081339712919 0.062200956937799 0.0239234449760766
0.0430622009569378 0 0.0574162679425837 0.0239234449760766 0.0287081339712919 0.0143540669856459 0.0287081339712919 0 0
0.110047846889952 0.00478468899521531 0.157894736842105 0.0191387559808612 0.0287081339712919 0.0143540669856459 0.0191387559808612 0.0382775119617225 0.167464114832536
