0 0.00746268656716418 0.0298507462686567 0 0.00746268656716418 0.00746268656716418 0.00746268656716418 0.0298507462686567 0
0 0 0 0 0 0 0 0 0
0 0 0 0.00746268656716418 0 0 0 0 0
0 0 0 0.00746268656716418 0 0 0 0 0
0.0149253731343284 0 0 0 0 0 0 0 0
0 0.0149253731343284 0 0.00746268656716418 0 0.00746268656716418 0.00746268656716418 0 0
0 0 0 0 0 0 0 0 0
0 0 0 0 0.00746268656716418 0 0 0 0
0.00746268656716418 0 0 0 0 0 0 0 0
0 0 0 0.00746268656716418 0.00746268656716418 0.00746268656716418 0.00746268656716418 0 0.0373134328358209
0 0 0 0 0.00746268656716418 0 0 0 0
0 0.00746268656716418 0 0 0 0 0 0 0
0 0.00746268656716418 0.0149253731343284 0.00746268656716418 0 0 0 0.00746268656716418 0
0 0.00746268656716418 0 0.00746268656716418 0 0 0 0 0
0 0 0 0 0.00746268656716418 0 0 0 0
0 0 0 0 0 0.00746268656716418 0 0 0
0 0 0 0 0 0.00746268656716418 0 0.00746268656716418 0
0.00746268656716418 0 0 0 0.00746268656716418 0.00746268656716418 0.0149253731343284 0 0.00746268656716418
0 0 0 0 0 0 0.00746268656716418 0 0
0.0149253731343284 0 0 0 0 0 0 0 0
