0.0158730158730159 0.0317460317460317 0.0476190476190476 0.0396825396825397 0.00793650793650794 0.0158730158730159 0.0396825396825397 0.0952380952380952 0
0 0 0 0 0 0.00793650793650794 0.00793650793650794 0 0
0 0 0 0 0 0 0 0 0
0 0 0 0.0317460317460317 0 0.00793650793650794 0.00793650793650794 0 0
0.0238095238095238 0 0.0158730158730159 0.0158730158730159 0.0317460317460317 0.0158730158730159 0.0238095238095238 0 0.00793650793650794
0.00793650793650794 0 0 0.0317460317460317 0 0.00793650793650794 0.0158730158730159 0 0
0 0.00793650793650794 0 0 0.00793650793650794 0 0.00793650793650794 0 0
0.0317460317460317 0 0 0 0.0238095238095238 0.00793650793650794 0.00793650793650794 0 0.0158730158730159
0.0238095238095238 0 0 0.00793650793650794 0.00793650793650794 0 0.00793650793650794 0.00793650793650794 0
0 0.0238095238095238 0.00793650793650794 0 0.0476190476190476 0.0158730158730159 0.00793650793650794 0.0158730158730159 0.166666666666667
0 0.0396825396825397 0.0396825396825397 0.00793650793650794 0.00793650793650794 0.0158730158730159 0 0.00793650793650794 0.00793650793650794
0 0.0158730158730159 0.00793650793650794 0 0.0238095238095238 0.0158730158730159 0 0 0
0 0 0.0317460317460317 0.00793650793650794 0 0.00793650793650794 0 0.0238095238095238 0
0 0.0238095238095238 0.00793650793650794 0.00793650793650794 0 0.0158730158730159 0.0158730158730159 0.00793650793650794 0
0.0238095238095238 0 0.0317460317460317 0.0238095238095238 0.0238095238095238 0.0158730158730159 0.00793650793650794 0 0
0.0158730158730159 0.0238095238095238 0 0.00793650793650794 0 0.0158730158730159 0.0238095238095238 0.00793650793650794 0
0.00793650793650794 0.0396825396825397 0 0.00793650793650794 0 0 0.00793650793650794 0.0158730158730159 0
0 0.00793650793650794 0 0 0.0158730158730159 0.0317460317460317 0.00793650793650794 0.00793650793650794 0.00793650793650794
0 0 0 0.0238095238095238 0 0 0.00793650793650794 0.00793650793650794 0
0.0634920634920635 0 0.0238095238095238 0 0.0158730158730159 0.0158730158730159 0.0158730158730159 0.0158730158730159 0.00793650793650794
