0.0373134328358209 0 0.0223880597014925 0.0223880597014925 0.00746268656716418 0.0298507462686567 0.0447761194029851 0.0447761194029851 0
0 0 0 0.00746268656716418 0 0.00746268656716418 0.00746268656716418 0.00746268656716418 0
0 0 0 0.00746268656716418 0.0149253731343284 0 0.0149253731343284 0.0149253731343284 0
0.0895522388059701 0.111940298507463 0 0.0447761194029851 0.00746268656716418 0 0.00746268656716418 0 0
0.00746268656716418 0 0.0373134328358209 0 0.00746268656716418 0.0447761194029851 0.0223880597014925 0.00746268656716418 0
0.0373134328358209 0 0 0.0149253731343284 0 0 0.00746268656716418 0.00746268656716418 0
0 0 0 0 0.0149253731343284 0.0149253731343284 0.0298507462686567 0 0
0.00746268656716418 0 0.0298507462686567 0 0.00746268656716418 0.0298507462686567 0.0223880597014925 0 0.00746268656716418
0 0 0.0298507462686567 0 0.0149253731343284 0 0 0 0
0.00746268656716418 0.0373134328358209 0.00746268656716418 0.0298507462686567 0.0149253731343284 0.0223880597014925 0.0149253731343284 0.00746268656716418 0.223880597014925
0.00746268656716418 0.0522388059701493 0.0298507462686567 0.00746268656716418 0 0.0223880597014925 0.00746268656716418 0.00746268656716418 0.0149253731343284
0 0 0.00746268656716418 0.0149253731343284 0 0.00746268656716418 0.0149253731343284 0 0
0 0 0 0.0149253731343284 0.0298507462686567 0.00746268656716418 0 0.0298507462686567 0
0 0.0522388059701493 0.0149253731343284 0.00746268656716418 0.0223880597014925 0 0.00746268656716418 0.0149253731343284 0
0.0223880597014925 0 0.0223880597014925 0.0373134328358209 0.0746268656716418 0.00746268656716418 0.0149253731343284 0.0223880597014925 0
0.0298507462686567 0 0.00746268656716418 0.0149253731343284 0.0298507462686567 0.00746268656716418 0 0.0149253731343284 0
0 0 0 0.0149253731343284 0 0.0149253731343284 0.0223880597014925 0.0447761194029851 0
0 0 0.00746268656716418 0 0.00746268656716418 0.00746268656716418 0 0.0223880597014925 0.00746268656716418
0 0 0.00746268656716418 0.0149253731343284 0 0 0.0149253731343284 0.00746268656716418 0
0.00746268656716418 0 0.0298507462686567 0 0 0.0298507462686567 0 0 0
