0.0461538461538462 0.0230769230769231 0 0.0153846153846154 0.0384615384615385 0.00769230769230769 0.0538461538461538 0.0307692307692308 0
0 0 0 0 0 0 0 0 0
0 0 0 0 0.00769230769230769 0 0 0 0
0 0 0 0.0153846153846154 0 0 0 0.00769230769230769 0
0.0153846153846154 0 0.0615384615384615 0.0307692307692308 0.0230769230769231 0.0384615384615385 0.0384615384615385 0.0461538461538462 0
0.0230769230769231 0.0153846153846154 0.00769230769230769 0.0538461538461538 0.0153846153846154 0.0307692307692308 0.00769230769230769 0.0230769230769231 0
0 0 0.00769230769230769 0.00769230769230769 0.00769230769230769 0.00769230769230769 0.00769230769230769 0 0
0.0153846153846154 0.0153846153846154 0.0307692307692308 0 0.0230769230769231 0.0153846153846154 0.0153846153846154 0.00769230769230769 0
0.0230769230769231 0 0.00769230769230769 0.0230769230769231 0 0.00769230769230769 0 0.0230769230769231 0.223076923076923
0.0153846153846154 0 0.0461538461538462 0.0307692307692308 0.0153846153846154 0.00769230769230769 0.0461538461538462 0.00769230769230769 0
0.0153846153846154 0 0.0615384615384615 0.00769230769230769 0.00769230769230769 0.00769230769230769 0 0.00769230769230769 0
0 0 0.00769230769230769 0 0 0.0230769230769231 0.00769230769230769 0 0
0 0 0 0.00769230769230769 0.00769230769230769 0 0 0.0307692307692308 0
0 0 0 0.0230769230769231 0.00769230769230769 0.00769230769230769 0.00769230769230769 0.00769230769230769 0
0.0384615384615385 0 0 0.00769230769230769 0.0307692307692308 0.0153846153846154 0.0153846153846154 0.0384615384615385 0.00769230769230769
0.0384615384615385 0.1 0 0.00769230769230769 0.0461538461538462 0.0230769230769231 0.0230769230769231 0.00769230769230769 0
0.0153846153846154 0.107692307692308 0 0 0.0153846153846154 0.0384615384615385 0.0307692307692308 0.00769230769230769 0
0.0230769230769231 0.0230769230769231 0 0.0307692307692308 0.0307692307692308 0.0384615384615385 0.00769230769230769 0.0153846153846154 0
0.00769230769230769 0 0.00769230769230769 0 0.00769230769230769 0.00769230769230769 0 0 0
0.00769230769230769 0 0.0461538461538462 0.0230769230769231 0 0.00769230769230769 0.0230769230769231 0.0230769230769231 0.0538461538461538
