0 0 0.0100502512562814 0.0050251256281407 0.0050251256281407 0.0100502512562814 0 0 0
0 0 0 0.0050251256281407 0 0 0.0050251256281407 0 0
0.0100502512562814 0 0 0.0050251256281407 0.0050251256281407 0 0.0150753768844221 0 0
0.0050251256281407 0 0 0 0 0 0.0100502512562814 0 0
0.0100502512562814 0 0 0 0 0.0100502512562814 0 0 0.0301507537688442
0.0150753768844221 0.0603015075376884 0.0050251256281407 0.0100502512562814 0.0050251256281407 0.0050251256281407 0.0100502512562814 0 0
0 0 0 0.0050251256281407 0.0050251256281407 0 0 0 0
0.0050251256281407 0 0 0 0.0050251256281407 0.0050251256281407 0.0050251256281407 0.0150753768844221 0.0100502512562814
0.0050251256281407 0 0.0050251256281407 0 0.0050251256281407 0 0 0 0
0.0050251256281407 0 0 0.0050251256281407 0.0050251256281407 0.0050251256281407 0.0050251256281407 0.0050251256281407 0.0301507537688442
0 0 0 0 0 0 0 0.0050251256281407 0
0.0050251256281407 0 0 0.0050251256281407 0.0150753768844221 0.0100502512562814 0.0050251256281407 0.0050251256281407 0
0 0.0050251256281407 0.0552763819095477 0.0050251256281407 0 0 0.0100502512562814 0.0050251256281407 0
0 0 0 0 0 0.0100502512562814 0 0 0
0 0 0.0050251256281407 0.0100502512562814 0.0201005025125628 0 0.0050251256281407 0 0
0 0.0050251256281407 0 0.0150753768844221 0.0100502512562814 0.0150753768844221 0.0050251256281407 0.0050251256281407 0
0.0050251256281407 0 0 0 0 0.0050251256281407 0.0050251256281407 0.0100502512562814 0.0050251256281407
0.0100502512562814 0 0 0 0 0 0 0.0100502512562814 0
0.0050251256281407 0 0 0 0 0 0 0.0050251256281407 0.0050251256281407
0 0.0100502512562814 0 0.0100502512562814 0 0.0050251256281407 0 0.0150753768844221 0
