0.0226244343891403 0.0595776772247361 0.00452488687782805 0.0105580693815988 0.00904977375565611 0.00754147812971342 0.0301659125188537 0.0196078431372549 0.00226244343891403
0.00678733031674208 0.000754147812971342 0.000754147812971342 0.00754147812971342 0.00301659125188537 0.00452488687782805 0.00377073906485671 0.00150829562594268 0
0.00301659125188537 0.000754147812971342 0.000754147812971342 0.0120663650075415 0.00150829562594268 0.00226244343891403 0.0180995475113122 0.00377073906485671 0.00150829562594268
0 0.000754147812971342 0.00226244343891403 0.0143288084464555 0.00301659125188537 0.00904977375565611 0.00829562594268477 0.0128205128205128 0.000754147812971342
0.0248868778280543 0.00452488687782805 0.0339366515837104 0.0113122171945701 0.0301659125188537 0.0301659125188537 0.00980392156862745 0.0128205128205128 0.024132730015083
0.00377073906485671 0.0143288084464555 0.00829562594268477 0.0105580693815988 0.00678733031674208 0.0120663650075415 0.0143288084464555 0.00829562594268477 0.00150829562594268
0.00377073906485671 0.00603318250377074 0.0052790346907994 0.00226244343891403 0.00829562594268477 0.00904977375565611 0.0052790346907994 0.0143288084464555 0
0.0294117647058824 0.0120663650075415 0.026395173453997 0.0180995475113122 0.0113122171945701 0.0143288084464555 0.0135746606334842 0.0128205128205128 0.0512820512820513
0.0143288084464555 0.00150829562594268 0.00301659125188537 0.0105580693815988 0.0211161387631976 0.00904977375565611 0.00754147812971342 0.00829562594268477 0
0.0346907993966818 0.00829562594268477 0.0482654600301659 0.0369532428355958 0.0150829562594268 0.0346907993966818 0.0226244343891403 0.0392156862745098 0.120663650075415
0.00452488687782805 0.0173453996983409 0.00678733031674208 0.00603318250377074 0.0052790346907994 0.00603318250377074 0.00452488687782805 0.00452488687782805 0.0218702865761689
0.00301659125188537 0.0196078431372549 0.00754147812971342 0.0113122171945701 0.0769230769230769 0.00377073906485671 0.0165912518853695 0.0150829562594268 0
0.00150829562594268 0.00150829562594268 0.0113122171945701 0.0052790346907994 0.00377073906485671 0.0105580693815988 0.0211161387631976 0.0271493212669683 0
0.0052790346907994 0.00904977375565611 0.00226244343891403 0.0150829562594268 0.00377073906485671 0.00754147812971342 0.0120663650075415 0.00754147812971342 0
0.00904977375565611 0.00150829562594268 0.00377073906485671 0.0158371040723982 0.0196078431372549 0.0143288084464555 0.0052790346907994 0.0135746606334842 0
0.0331825037707391 0.0535444947209653 0.00452488687782805 0.0271493212669683 0.0158371040723982 0.0158371040723982 0.0233785822021116 0.0165912518853695 0.00377073906485671
0.00904977375565611 0.0180995475113122 0.00980392156862745 0.00980392156862745 0.00377073906485671 0.0128205128205128 0.0203619909502262 0.0218702865761689 0.00452488687782805
0.0392156862745098 0.0233785822021116 0.0226244343891403 0.0226244343891403 0.00452488687782805 0.0143288084464555 0.0165912518853695 0.00603318250377074 0.0279034690799397
0.00226244343891403 0.00452488687782805 0.00603318250377074 0.00377073906485671 0.00603318250377074 0.00980392156862745 0.00226244343891403 0.00150829562594268 0.000754147812971342
0.0120663650075415 0.0052790346907994 0.0542986425339367 0.0113122171945701 0.0135746606334842 0.0346907993966818 0.00678733031674208 0.0150829562594268 0.00150829562594268
