0.0614525139664804 0 0.0558659217877095 0.0363128491620112 0.0363128491620112 0.053072625698324 0.0670391061452514 0.0502793296089385 0.00279329608938547
0.0167597765363128 0.00279329608938547 0.0195530726256983 0.00837988826815642 0.00558659217877095 0.0223463687150838 0.00558659217877095 0.00558659217877095 0
0 0 0.00279329608938547 0.00558659217877095 0.00558659217877095 0.0167597765363128 0.0111731843575419 0.0111731843575419 0
0.00279329608938547 0 0.0223463687150838 0.0307262569832402 0.0111731843575419 0.0111731843575419 0.0335195530726257 0.0279329608938547 0.00279329608938547
0.0167597765363128 0.0335195530726257 0.0223463687150838 0.0167597765363128 0.00837988826815642 0.0223463687150838 0.00558659217877095 0.0111731843575419 0
0.0223463687150838 0.00558659217877095 0.0167597765363128 0.0223463687150838 0.0335195530726257 0.0195530726256983 0.0195530726256983 0.0195530726256983 0
0.0111731843575419 0 0.00558659217877095 0.00279329608938547 0.00279329608938547 0.00558659217877095 0.0111731843575419 0.0251396648044693 0.00279329608938547
0.0167597765363128 0.00279329608938547 0.0474860335195531 0.0111731843575419 0.0167597765363128 0.0195530726256983 0.00837988826815642 0.0223463687150838 0.162011173184358
0.053072625698324 0.00279329608938547 0.0195530726256983 0.0335195530726257 0 0.0474860335195531 0.0167597765363128 0.00558659217877095 0.00279329608938547
0.0279329608938547 0.00279329608938547 0.0363128491620112 0.0167597765363128 0.0307262569832402 0.0307262569832402 0.0195530726256983 0.0363128491620112 0.184357541899441
0.00558659217877095 0 0.0111731843575419 0.00279329608938547 0.058659217877095 0.00837988826815642 0.00279329608938547 0.00558659217877095 0.00558659217877095
0.00558659217877095 0.00279329608938547 0.0335195530726257 0.0195530726256983 0.0111731843575419 0.0279329608938547 0.0307262569832402 0.0195530726256983 0
0.00558659217877095 0 0.00279329608938547 0.0418994413407821 0.0139664804469274 0.00837988826815642 0 0.0251396648044693 0
0.00837988826815642 0.00279329608938547 0.0391061452513966 0.0167597765363128 0.0111731843575419 0.00279329608938547 0.0223463687150838 0.0279329608938547 0
0.0111731843575419 0.00279329608938547 0.0111731843575419 0.0363128491620112 0.0111731843575419 0.0391061452513966 0.00837988826815642 0.0111731843575419 0
0.0782122905027933 0 0.00837988826815642 0.0418994413407821 0.0558659217877095 0.0167597765363128 0.0614525139664804 0.0391061452513966 0.00279329608938547
0.0363128491620112 0 0.0223463687150838 0.0363128491620112 0.053072625698324 0.0279329608938547 0.0782122905027933 0.0251396648044693 0.00558659217877095
0.0139664804469274 0.00279329608938547 0.0223463687150838 0.0195530726256983 0.0446927374301676 0.0139664804469274 0.00279329608938547 0.0167597765363128 0.0418994413407821
0.00558659217877095 0 0.00558659217877095 0.00558659217877095 0 0.00279329608938547 0.0111731843575419 0.00558659217877095 0.00279329608938547
0.0167597765363128 0.354748603351955 0.0111731843575419 0.0111731843575419 0.00558659217877095 0.0195530726256983 0 0.0251396648044693 0
