0 0 0.0137931034482759 0.0551724137931034 0.0344827586206897 0.0137931034482759 0.00689655172413793 0.0206896551724138 0
0 0 0 0.00689655172413793 0.0137931034482759 0 0 0.00689655172413793 0
0 0 0.00689655172413793 0.00689655172413793 0 0 0.00689655172413793 0.0344827586206897 0
0 0 0 0.00689655172413793 0 0 0.00689655172413793 0 0
0.0275862068965517 0 0.0206896551724138 0.0275862068965517 0.0137931034482759 0.0137931034482759 0.0344827586206897 0.0137931034482759 0.0896551724137931
0 0 0.0206896551724138 0 0.0137931034482759 0.0413793103448276 0.0137931034482759 0 0
0.00689655172413793 0 0.0206896551724138 0 0 0.00689655172413793 0.00689655172413793 0.0137931034482759 0
0.0482758620689655 0 0.00689655172413793 0.0206896551724138 0.0137931034482759 0.0206896551724138 0.0275862068965517 0.00689655172413793 0.0137931034482759
0.00689655172413793 0 0.00689655172413793 0.0137931034482759 0 0.0137931034482759 0 0 0
0.0275862068965517 0.00689655172413793 0.0206896551724138 0 0.0137931034482759 0 0.0137931034482759 0.0137931034482759 0.0827586206896552
0.0137931034482759 0 0.0275862068965517 0 0.0206896551724138 0 0 0 0.0413793103448276
0.00689655172413793 0.00689655172413793 0.0137931034482759 0.00689655172413793 0.0275862068965517 0 0 0.0551724137931034 0
0 0.220689655172414 0 0.0206896551724138 0.0275862068965517 0.0344827586206897 0 0.0206896551724138 0
0.0137931034482759 0 0.0344827586206897 0 0 0.0206896551724138 0 0 0
0.0344827586206897 0 0 0.0275862068965517 0 0 0.00689655172413793 0.00689655172413793 0
0.0275862068965517 0 0.00689655172413793 0.0206896551724138 0.0413793103448276 0.00689655172413793 0.0206896551724138 0.00689655172413793 0
0 0 0 0 0 0.00689655172413793 0.0206896551724138 0 0
0 0 0.0275862068965517 0 0.00689655172413793 0.0206896551724138 0.0413793103448276 0.00689655172413793 0.00689655172413793
0 0 0 0 0 0.00689655172413793 0.00689655172413793 0.00689655172413793 0
0.0206896551724138 0 0.00689655172413793 0.0206896551724138 0.00689655172413793 0.0275862068965517 0.0206896551724138 0.0206896551724138 0
