0.0484972677595628 0.103825136612022 0.0102459016393443 0.0239071038251366 0.00819672131147541 0.0225409836065574 0.0293715846994536 0.0293715846994536 0.00956284153005465
0.00546448087431694 0.000683060109289617 0.00204918032786885 0.00819672131147541 0 0.00136612021857923 0.00887978142076503 0.00204918032786885 0
0.00204918032786885 0 0.00136612021857923 0.00409836065573771 0.00409836065573771 0.00956284153005465 0.0314207650273224 0.00409836065573771 0
0.00273224043715847 0.00136612021857923 0.000683060109289617 0.037568306010929 0 0.0136612021857923 0.0314207650273224 0.0225409836065574 0.000683060109289617
0.0730874316939891 0.00341530054644809 0.0102459016393443 0.00751366120218579 0.00273224043715847 0.0170765027322404 0.0163934426229508 0.0587431693989071 0.00683060109289617
0.00683060109289617 0.0170765027322404 0.00409836065573771 0.00546448087431694 0.00478142076502732 0.0566939890710383 0.0102459016393443 0.00136612021857923 0
0.00273224043715847 0.00204918032786885 0.00887978142076503 0.00409836065573771 0.00546448087431694 0.00546448087431694 0.0122950819672131 0.00614754098360656 0
0.0170765027322404 0.00614754098360656 0.0601092896174863 0.0184426229508197 0.000683060109289617 0.0163934426229508 0.0184426229508197 0.00956284153005465 0.137978142076503
0.0136612021857923 0.00136612021857923 0.00478142076502732 0.0102459016393443 0.00136612021857923 0.0116120218579235 0.00341530054644809 0.0109289617486339 0
0.0191256830601093 0.0109289617486339 0.0744535519125683 0.0341530054644809 0.0150273224043716 0.0478142076502732 0.0198087431693989 0.0204918032786885 0.0949453551912568
0.00273224043715847 0.0286885245901639 0.0129781420765027 0.00546448087431694 0.00614754098360656 0.0150273224043716 0.00136612021857923 0.00341530054644809 0.0457650273224044
0.00956284153005465 0.00409836065573771 0.023224043715847 0.00819672131147541 0.265710382513661 0.00409836065573771 0.00956284153005465 0.00683060109289617 0
0.00204918032786885 0.00136612021857923 0.0539617486338798 0.00614754098360656 0.00136612021857923 0.014344262295082 0.0122950819672131 0.0423497267759563 0
0.00956284153005465 0.060792349726776 0.00409836065573771 0.0519125683060109 0.000683060109289617 0.0136612021857923 0.0498633879781421 0.00546448087431694 0
0.0170765027322404 0.00136612021857923 0.00136612021857923 0.0184426229508197 0.000683060109289617 0.0198087431693989 0.00409836065573771 0.00409836065573771 0
0.0423497267759563 0.0628415300546448 0.00204918032786885 0.0191256830601093 0.0136612021857923 0.0129781420765027 0.0184426229508197 0.014344262295082 0
0.0136612021857923 0.0157103825136612 0.0129781420765027 0.023224043715847 0.00204918032786885 0.0122950819672131 0.0293715846994536 0.0443989071038251 0.00136612021857923
0.0136612021857923 0.0116120218579235 0.0327868852459016 0.0368852459016393 0.000683060109289617 0.0122950819672131 0.0157103825136612 0.0184426229508197 0.0368852459016393
0.00546448087431694 0 0.00136612021857923 0.00204918032786885 0 0.00956284153005465 0.00273224043715847 0.00478142076502732 0
0.0266393442622951 0.000683060109289617 0.0122950819672131 0.00887978142076503 0.000683060109289617 0.0177595628415301 0.00887978142076503 0.0245901639344262 0
