0.0272506082725061 0.0233576642335766 0.00583941605839416 0.018978102189781 0.0233576642335766 0.0111922141119221 0.0223844282238443 0.0238442822384428 0.0262773722627737
0.00437956204379562 0.00097323600973236 0.00048661800486618 0.00778588807785888 0.0024330900243309 0.00437956204379562 0.0048661800486618 0.00291970802919708 0
0.00097323600973236 0 0.00340632603406326 0.0175182481751825 0.00632603406326034 0.00340632603406326 0.0072992700729927 0.00681265206812652 0
0.0024330900243309 0 0.00145985401459854 0.0145985401459854 0.0116788321167883 0.0048661800486618 0.00145985401459854 0.0150851581508516 0
0.0024330900243309 0.013625304136253 0.0287104622871046 0.0150851581508516 0.013625304136253 0.0233576642335766 0.0141119221411192 0.037956204379562 0.0116788321167883
0.00340632603406326 0.00632603406326034 0.00340632603406326 0.0116788321167883 0.0175182481751825 0.0141119221411192 0.0121654501216545 0.0150851581508516 0.0111922141119221
0.0116788321167883 0.00194647201946472 0.0102189781021898 0.00389294403892944 0.00778588807785888 0.0141119221411192 0.0111922141119221 0.00535279805352798 0.00145985401459854
0.0116788321167883 0.0199513381995134 0.0155717761557178 0.0126520681265207 0.0223844282238443 0.0150851581508516 0.0340632603406326 0.0141119221411192 0.0214111922141119
0.0812652068126521 0.00097323600973236 0.0549878345498783 0.0218978102189781 0.0141119221411192 0.0102189781021898 0.0072992700729927 0.0116788321167883 0.104136253041363
0.0126520681265207 0.0238442822384428 0.0204379562043796 0.018978102189781 0.018978102189781 0.0218978102189781 0.0384428223844282 0.0282238442822384 0.0355231143552311
0.0175182481751825 0.00778588807785888 0.010705596107056 0.00632603406326034 0.00583941605839416 0.00827250608272506 0.0121654501216545 0.0048661800486618 0.00778588807785888
0.00291970802919708 0.00437956204379562 0.00681265206812652 0.0194647201946472 0.0214111922141119 0.0238442822384428 0.0116788321167883 0.0145985401459854 0
0.00097323600973236 0.00340632603406326 0.00194647201946472 0.024330900243309 0.0126520681265207 0.0131386861313869 0.0330900243309002 0.0248175182481752 0.00048661800486618
0.00194647201946472 0.0116788321167883 0.00583941605839416 0.010705596107056 0.00778588807785888 0.00681265206812652 0.00875912408759124 0.00827250608272506 0.00048661800486618
0.0661800486618005 0.00291970802919708 0.0871046228710462 0.0204379562043796 0.0257907542579075 0.0223844282238443 0.0165450121654501 0.00875912408759124 0.0097323600973236
0.0165450121654501 0.0267639902676399 0.0116788321167883 0.0218978102189781 0.0316301703163017 0.0272506082725061 0.0160583941605839 0.0233576642335766 0.00437956204379562
0.0111922141119221 0.0661800486618005 0.00535279805352798 0.0160583941605839 0.0175182481751825 0.0248175182481752 0.00875912408759124 0.0175182481751825 0.0024330900243309
0.0072992700729927 0.059367396593674 0.0048661800486618 0.013625304136253 0.0184914841849148 0.013625304136253 0.0121654501216545 0.00827250608272506 0.0262773722627737
0.00194647201946472 0.00291970802919708 0.00048661800486618 0.00632603406326034 0.00291970802919708 0.00924574209245742 0.00827250608272506 0.00194647201946472 0.00194647201946472
0.0072992700729927 0.0155717761557178 0.0126520681265207 0.0097323600973236 0.0097323600973236 0.0199513381995134 0.0111922141119221 0.0184914841849148 0.0267639902676399
