0.00961538461538462 0 0.0288461538461538 0 0.0288461538461538 0.0384615384615385 0.0576923076923077 0.0576923076923077 0.00961538461538462
0 0 0 0 0 0 0.00961538461538462 0.00961538461538462 0
0 0 0 0.0865384615384615 0 0 0 0 0
0.00961538461538462 0.00961538461538462 0.00961538461538462 0 0 0 0.00961538461538462 0.0192307692307692 0
0.0769230769230769 0.00961538461538462 0.0192307692307692 0.0192307692307692 0.0288461538461538 0.00961538461538462 0.00961538461538462 0 0.0480769230769231
0.0192307692307692 0 0.0384615384615385 0.0384615384615385 0.00961538461538462 0.0192307692307692 0 0.0480769230769231 0
0.00961538461538462 0 0 0.0192307692307692 0 0 0.0384615384615385 0 0
0.0480769230769231 0.00961538461538462 0 0.0288461538461538 0.0288461538461538 0.00961538461538462 0 0.0288461538461538 0.0288461538461538
0.0288461538461538 0 0.0384615384615385 0.0192307692307692 0.0384615384615385 0.0576923076923077 0.0288461538461538 0 0
0.0192307692307692 0 0.00961538461538462 0.00961538461538462 0.0673076923076923 0.0480769230769231 0 0.0192307692307692 0.153846153846154
0 0 0.0192307692307692 0 0.00961538461538462 0 0.00961538461538462 0.0480769230769231 0.0673076923076923
0 0 0.00961538461538462 0 0 0.0576923076923077 0.00961538461538462 0 0
0 0.278846153846154 0.00961538461538462 0.0192307692307692 0.0288461538461538 0 0.0288461538461538 0.0288461538461538 0
0 0 0.0384615384615385 0 0.00961538461538462 0.0480769230769231 0.0288461538461538 0.00961538461538462 0
0.0384615384615385 0.00961538461538462 0.0576923076923077 0.0384615384615385 0.00961538461538462 0.0288461538461538 0.0288461538461538 0 0
0.0288461538461538 0 0.0192307692307692 0.00961538461538462 0.00961538461538462 0 0.0192307692307692 0.0384615384615385 0
0.0576923076923077 0.0192307692307692 0.00961538461538462 0.0384615384615385 0.00961538461538462 0.00961538461538462 0.0384615384615385 0 0.00961538461538462
0 0.0192307692307692 0.0288461538461538 0.0192307692307692 0.00961538461538462 0.0288461538461538 0.0192307692307692 0.00961538461538462 0.0384615384615385
0 0 0 0.00961538461538462 0.0192307692307692 0 0 0.00961538461538462 0
0.00961538461538462 0 0.0192307692307692 0 0.0480769230769231 0 0.0192307692307692 0.0288461538461538 0
