0.0105960264900662 0.0172185430463576 0.00927152317880795 0.00728476821192053 0.00860927152317881 0.00728476821192053 0.0152317880794702 0.0105960264900662 0
0.00397350993377483 0.00198675496688742 0.00794701986754967 0.00264900662251656 0.00662251655629139 0.00463576158940397 0.00794701986754967 0.00529801324503311 0
0.0165562913907285 0.000662251655629139 0.0033112582781457 0.0152317880794702 0.00463576158940397 0.00596026490066225 0.00728476821192053 0.00198675496688742 0
0.023841059602649 0.00132450331125828 0.00463576158940397 0.00860927152317881 0.00596026490066225 0.00927152317880795 0.00596026490066225 0.00728476821192053 0
0.00794701986754967 0.0178807947019868 0.0158940397350993 0.00860927152317881 0.0158940397350993 0.0158940397350993 0.0245033112582781 0.0152317880794702 0
0.00397350993377483 0 0.00529801324503311 0.0105960264900662 0.00993377483443709 0.00993377483443709 0.00927152317880795 0.00794701986754967 0
0.00596026490066225 0 0.00132450331125828 0.0033112582781457 0.00264900662251656 0.00860927152317881 0.00662251655629139 0.00463576158940397 0.00132450331125828
0.0172185430463576 0.019205298013245 0.0198675496688742 0.0132450331125828 0.0139072847682119 0.019205298013245 0.0112582781456954 0.00463576158940397 0
0.0033112582781457 0.00132450331125828 0.0178807947019868 0.0125827814569536 0.0145695364238411 0.00993377483443709 0.00596026490066225 0.0112582781456954 0.0456953642384106
0.0112582781456954 0.0291390728476821 0.0291390728476821 0.019205298013245 0.0152317880794702 0.0264900662251656 0.0145695364238411 0.0251655629139073 0.00198675496688742
0.0158940397350993 0.0178807947019868 0.00794701986754967 0.00927152317880795 0.00397350993377483 0.00794701986754967 0.0119205298013245 0.00463576158940397 0
0.00993377483443709 0.00463576158940397 0.00993377483443709 0.0145695364238411 0.00132450331125828 0.00860927152317881 0.00728476821192053 0.0119205298013245 0
0.00132450331125828 0.00132450331125828 0.0033112582781457 0.00927152317880795 0.0125827814569536 0.00794701986754967 0.00463576158940397 0.0125827814569536 0
0.00529801324503311 0.00132450331125828 0.00728476821192053 0.00728476821192053 0.0033112582781457 0.00397350993377483 0.00264900662251656 0.0119205298013245 0
0.0033112582781457 0.00132450331125828 0.00860927152317881 0.00993377483443709 0.019205298013245 0.0152317880794702 0.00860927152317881 0.0125827814569536 0.151655629139073
0.0145695364238411 0.0132450331125828 0.0132450331125828 0.0132450331125828 0.0125827814569536 0.00860927152317881 0.019205298013245 0.0185430463576159 0
0.0258278145695364 0.0403973509933775 0.0119205298013245 0.0112582781456954 0.0132450331125828 0.0119205298013245 0.0132450331125828 0.00993377483443709 0
0.00927152317880795 0.023841059602649 0.00794701986754967 0.0125827814569536 0.0198675496688742 0.00662251655629139 0.00860927152317881 0.00463576158940397 0.000662251655629139
0.000662251655629139 0.0033112582781457 0.00529801324503311 0.00463576158940397 0.00927152317880795 0.00397350993377483 0.00728476821192053 0.0033112582781457 0
0.0112582781456954 0.00596026490066225 0.0119205298013245 0.00860927152317881 0.00860927152317881 0.00993377483443709 0.00993377483443709 0.0178807947019868 0.000662251655629139
