0.181818181818182 0.0909090909090909 0.136363636363636 0.0909090909090909 0 0.0909090909090909 0.0454545454545455 0.0909090909090909 0
0.0454545454545455 0 0 0 0 0 0 0.0454545454545455 0
0 0 0 0.0909090909090909 0 0 0 0 0
0 0 0 0 0.0909090909090909 0.0909090909090909 0 0 0
0 0 0.136363636363636 0.0454545454545455 0.0454545454545455 0.0909090909090909 0.0909090909090909 0.0909090909090909 0
0.136363636363636 0 0 0 0 0.136363636363636 0.0909090909090909 0.181818181818182 0
0 0 0 0.0909090909090909 0.0454545454545455 0 0 0.0909090909090909 0
0.0454545454545455 0.227272727272727 0.0909090909090909 0.181818181818182 0 0 0 0.0454545454545455 0
0.0909090909090909 0 0.136363636363636 0 0 0 0.0454545454545455 0.0454545454545455 0.681818181818182
0.0454545454545455 0.0909090909090909 0.136363636363636 0 0.181818181818182 0.0454545454545455 0.136363636363636 0.0909090909090909 0
0.0909090909090909 0.0454545454545455 0.0454545454545455 0 0 0 0.0454545454545455 0 0
0.0909090909090909 0 0.0454545454545455 0.0909090909090909 0.0454545454545455 0.0909090909090909 0 0.0454545454545455 0
0 0 0.0454545454545455 0.136363636363636 0.0454545454545455 0.136363636363636 0.0909090909090909 0.0909090909090909 0
0 0 0.0909090909090909 0.0454545454545455 0 0.0454545454545455 0 0 0
0.0909090909090909 0 0 0.0454545454545455 0.0909090909090909 0 0.0454545454545455 0.0454545454545455 0.318181818181818
0.0454545454545455 0.181818181818182 0.0454545454545455 0 0.136363636363636 0.0909090909090909 0.0454545454545455 0 0
0.0454545454545455 0.136363636363636 0.0909090909090909 0 0.0454545454545455 0.136363636363636 0.136363636363636 0.0909090909090909 0
0 0.227272727272727 0 0.0909090909090909 0.136363636363636 0 0.0454545454545455 0 0
0.0454545454545455 0 0 0.0909090909090909 0 0.0454545454545455 0.0454545454545455 0.0454545454545455 0
0.0454545454545455 0 0 0 0.136363636363636 0 0.136363636363636 0 0
