0.0198915009041591 0.0054249547920434 0.0144665461121157 0.0198915009041591 0.0189873417721519 0.0162748643761302 0.0144665461121157 0.0189873417721519 0.000904159132007233
0.00452079566003617 0 0.0027124773960217 0.00452079566003617 0.00180831826401447 0.0054249547920434 0.00723327305605787 0.000904159132007233 0
0.0027124773960217 0.000904159132007233 0.00632911392405063 0.0108499095840868 0.0144665461121157 0.00994575045207957 0.0108499095840868 0.0135623869801085 0
0.00361663652802893 0.000904159132007233 0.0027124773960217 0.011754068716094 0.0144665461121157 0.00904159132007233 0.0108499095840868 0.0226039783001808 0
0.0162748643761302 0.0397830018083183 0.0144665461121157 0.015370705244123 0.015370705244123 0.0198915009041591 0.0207956600361664 0.015370705244123 0.119349005424955
0.0126582278481013 0 0.0198915009041591 0.0135623869801085 0.0135623869801085 0.0126582278481013 0.011754068716094 0.0171790235081374 0
0.00632911392405063 0.0054249547920434 0.0108499095840868 0.00723327305605787 0.00452079566003617 0.00452079566003617 0.011754068716094 0.00452079566003617 0
0.0135623869801085 0 0.015370705244123 0.0108499095840868 0.015370705244123 0.0226039783001808 0.00723327305605787 0.011754068716094 0.0226039783001808
0.0126582278481013 0 0.00994575045207957 0.011754068716094 0.0144665461121157 0.00452079566003617 0.0081374321880651 0.0144665461121157 0.0027124773960217
0.0171790235081374 0.00994575045207957 0.0289330922242315 0.0135623869801085 0.0235081374321881 0.0262206148282098 0.0235081374321881 0.0171790235081374 0.0596745027124774
0.011754068716094 0.0081374321880651 0.0189873417721519 0.00361663652802893 0.00180831826401447 0.00452079566003617 0.00723327305605787 0.00723327305605787 0.0054249547920434
0.00361663652802893 0.000904159132007233 0.00723327305605787 0.0135623869801085 0.0198915009041591 0.0054249547920434 0.015370705244123 0.00723327305605787 0
0.00361663652802893 0 0.0253164556962025 0.0244122965641953 0.0126582278481013 0.011754068716094 0.0081374321880651 0.011754068716094 0
0.011754068716094 0.00361663652802893 0.0180831826401447 0.00994575045207957 0.00452079566003617 0.0054249547920434 0.0144665461121157 0.011754068716094 0
0.0289330922242315 0 0.00632911392405063 0.015370705244123 0.0162748643761302 0.00904159132007233 0.0081374321880651 0.0108499095840868 0
0.0180831826401447 0.00180831826401447 0.0108499095840868 0.0180831826401447 0.0162748643761302 0.0135623869801085 0.0189873417721519 0.0198915009041591 0
0.0135623869801085 0.0126582278481013 0.0135623869801085 0.00904159132007233 0.0126582278481013 0.0280289330922242 0.00723327305605787 0.011754068716094 0.000904159132007233
0.0108499095840868 0.00452079566003617 0.0081374321880651 0.015370705244123 0.0162748643761302 0.0189873417721519 0.0171790235081374 0.00723327305605787 0.00361663652802893
0.0108499095840868 0.0171790235081374 0.0027124773960217 0.0081374321880651 0.00452079566003617 0.0027124773960217 0.0108499095840868 0.00723327305605787 0.0162748643761302
0.0235081374321881 0.134719710669078 0.00904159132007233 0.00904159132007233 0.00452079566003617 0.015370705244123 0.011754068716094 0.0144665461121157 0.0144665461121157
