0 0 0.0106951871657754 0.00401069518716578 0.00133689839572193 0 0.0053475935828877 0.0133689839572193 0
0 0 0 0 0.00133689839572193 0 0.00133689839572193 0 0
0.0120320855614973 0 0 0.0120320855614973 0.00267379679144385 0.00133689839572193 0.00133689839572193 0 0
0.0334224598930481 0 0 0.0133689839572193 0.00133689839572193 0 0 0.00267379679144385 0
0.00668449197860963 0 0.00668449197860963 0.00267379679144385 0.0053475935828877 0.0106951871657754 0.00133689839572193 0.00401069518716578 0.00802139037433155
0 0 0 0.00802139037433155 0.00802139037433155 0 0.00935828877005348 0.0106951871657754 0
0.00133689839572193 0 0 0.00133689839572193 0.00668449197860963 0.00133689839572193 0.00802139037433155 0.00133689839572193 0
0 0.0120320855614973 0.017379679144385 0 0.00401069518716578 0.0120320855614973 0.00267379679144385 0 0.00133689839572193
0 0 0.00668449197860963 0.00935828877005348 0.00133689839572193 0 0.00267379679144385 0.00401069518716578 0
0 0.00401069518716578 0.00133689839572193 0.00267379679144385 0.0053475935828877 0.017379679144385 0.00802139037433155 0.00267379679144385 0.0106951871657754
0.00267379679144385 0 0.00133689839572193 0.00133689839572193 0.00267379679144385 0.0120320855614973 0.00133689839572193 0.00267379679144385 0.00935828877005348
0.00133689839572193 0 0.00267379679144385 0.00401069518716578 0.00401069518716578 0.00133689839572193 0.0106951871657754 0.00401069518716578 0
0 0.00133689839572193 0.0053475935828877 0.00935828877005348 0.00401069518716578 0.00133689839572193 0.00267379679144385 0.00401069518716578 0
0 0 0 0.00267379679144385 0.00267379679144385 0 0 0.00133689839572193 0
0 0 0.0053475935828877 0.00267379679144385 0.00668449197860963 0 0.0053475935828877 0 0
0.00133689839572193 0.0053475935828877 0.00401069518716578 0.00133689839572193 0.00133689839572193 0.00133689839572193 0.0120320855614973 0.0147058823529412 0
0.00668449197860963 0.0347593582887701 0.00133689839572193 0.00267379679144385 0.00668449197860963 0.00401069518716578 0.00267379679144385 0.00802139037433155 0
0 0.0200534759358289 0.0106951871657754 0 0.0053475935828877 0.00802139037433155 0.00133689839572193 0.00133689839572193 0.00267379679144385
0 0 0 0 0.00267379679144385 0.00267379679144385 0 0 0
0.0120320855614973 0 0.00401069518716578 0 0.00401069518716578 0.00401069518716578 0.00133689839572193 0.00267379679144385 0.0454545454545455
