0.0393700787401575 0.291338582677165 0.133858267716535 0.102362204724409 0.102362204724409 0.078740157480315 0.125984251968504 0.244094488188976 0
0 0 0 0.0236220472440945 0.0078740157480315 0 0.015748031496063 0.0078740157480315 0
0 0 0.031496062992126 0.110236220472441 0.015748031496063 0.015748031496063 0.0078740157480315 0.015748031496063 0
0 0 0 0.102362204724409 0.0078740157480315 0.015748031496063 0.031496062992126 0.0708661417322835 0
0.188976377952756 0.0078740157480315 0.047244094488189 0.015748031496063 0.031496062992126 0.0551181102362205 0.062992125984252 0.0236220472440945 0.0866141732283465
0 0.0078740157480315 0 0.0708661417322835 0.0708661417322835 0.118110236220472 0.031496062992126 0.0078740157480315 0
0.0078740157480315 0 0 0.015748031496063 0.0236220472440945 0.0236220472440945 0.0078740157480315 0 0
0.047244094488189 0.015748031496063 0.0866141732283465 0 0.0551181102362205 0.0393700787401575 0.0236220472440945 0.0078740157480315 0.047244094488189
0.0236220472440945 0 0.0078740157480315 0.0551181102362205 0.0236220472440945 0 0 0 0
0.062992125984252 0.173228346456693 0.078740157480315 0 0.0078740157480315 0.015748031496063 0.0708661417322835 0.031496062992126 0.464566929133858
0.0551181102362205 0.0708661417322835 0.031496062992126 0.0078740157480315 0 0.0236220472440945 0.031496062992126 0.0078740157480315 0.102362204724409
0 0 0.031496062992126 0.0708661417322835 0.078740157480315 0.015748031496063 0.0078740157480315 0 0
0 0 0.031496062992126 0.110236220472441 0.078740157480315 0.047244094488189 0.0551181102362205 0.141732283464567 0
0 0.031496062992126 0.0078740157480315 0.0078740157480315 0 0.062992125984252 0.0551181102362205 0.0078740157480315 0
0.031496062992126 0.0078740157480315 0.0551181102362205 0.0078740157480315 0.0551181102362205 0.0236220472440945 0.0393700787401575 0.0078740157480315 0
0.015748031496063 0.0393700787401575 0.0393700787401575 0.0236220472440945 0.062992125984252 0.118110236220472 0.0551181102362205 0.102362204724409 0
0.0078740157480315 0.047244094488189 0.015748031496063 0 0.0708661417322835 0.031496062992126 0.0866141732283465 0.0393700787401575 0
0.0393700787401575 0.0866141732283465 0.062992125984252 0.0078740157480315 0.0393700787401575 0.0393700787401575 0.0393700787401575 0.0393700787401575 0.0551181102362205
0.031496062992126 0 0.015748031496063 0.0078740157480315 0 0.0078740157480315 0.0078740157480315 0 0.0078740157480315
0.228346456692913 0 0.102362204724409 0.0393700787401575 0.047244094488189 0.047244094488189 0.0236220472440945 0.0236220472440945 0.015748031496063
