0.000696378830083565 0.00905292479108635 0.0118384401114206 0 0.000696378830083565 0.00278551532033426 0.00626740947075209 0.00696378830083565 0
0 0 0 0.000696378830083565 0 0 0 0 0
0 0 0.000696378830083565 0.00835654596100279 0.0020891364902507 0.00278551532033426 0.000696378830083565 0.00139275766016713 0
0 0 0 0.00696378830083565 0 0.000696378830083565 0.00278551532033426 0.00557103064066852 0
0.0132311977715877 0.00139275766016713 0.00696378830083565 0.0020891364902507 0.00139275766016713 0.000696378830083565 0.0020891364902507 0 0.0139275766016713
0.00139275766016713 0.000696378830083565 0 0.00139275766016713 0.00626740947075209 0.00278551532033426 0.00139275766016713 0 0
0 0 0 0.000696378830083565 0.0020891364902507 0 0.000696378830083565 0 0.000696378830083565
0.00139275766016713 0.00348189415041783 0.00348189415041783 0 0.00348189415041783 0.00139275766016713 0.00139275766016713 0 0.000696378830083565
0.00417827298050139 0 0.00487465181058496 0.00139275766016713 0.000696378830083565 0.000696378830083565 0 0 0
0.00139275766016713 0.00278551532033426 0.00278551532033426 0 0.00348189415041783 0.00487465181058496 0.0146239554317549 0 0.0020891364902507
0.0020891364902507 0.00766016713091922 0.00487465181058496 0.000696378830083565 0 0.00278551532033426 0.000696378830083565 0 0.00766016713091922
0 0 0.0020891364902507 0.00278551532033426 0.00348189415041783 0.0020891364902507 0.00139275766016713 0 0
0 0 0 0.00348189415041783 0.00139275766016713 0.0118384401114206 0.00139275766016713 0.0104456824512535 0
0 0.000696378830083565 0 0.00139275766016713 0.00139275766016713 0.00139275766016713 0.00278551532033426 0 0
0.000696378830083565 0 0.00487465181058496 0.00278551532033426 0.00278551532033426 0 0.000696378830083565 0 0
0.00139275766016713 0.00766016713091922 0.00139275766016713 0.000696378830083565 0.00348189415041783 0.00139275766016713 0.00626740947075209 0.00557103064066852 0
0 0.0139275766016713 0 0.000696378830083565 0.000696378830083565 0.00696378830083565 0.0020891364902507 0.00417827298050139 0
0.00278551532033426 0.0020891364902507 0.00278551532033426 0.0132311977715877 0.0146239554317549 0.00348189415041783 0.00278551532033426 0.0146239554317549 0.00278551532033426
0.000696378830083565 0 0.000696378830083565 0.00139275766016713 0 0.00278551532033426 0.000696378830083565 0 0.000696378830083565
0.0194986072423398 0 0.0020891364902507 0.000696378830083565 0.00139275766016713 0 0.000696378830083565 0.000696378830083565 0.020891364902507
