0 0.00645161290322581 0.00645161290322581 0.00645161290322581 0.0193548387096774 0 0.00645161290322581 0 0.00645161290322581
0 0 0.00645161290322581 0 0 0 0 0 0
0 0 0 0 0.00645161290322581 0 0 0 0
0.0193548387096774 0 0 0 0 0 0 0.00645161290322581 0
0 0 0.00645161290322581 0 0 0.0129032258064516 0.0129032258064516 0 0
0.00645161290322581 0 0 0.00645161290322581 0 0.00645161290322581 0 0 0
0 0 0 0.00645161290322581 0 0 0.00645161290322581 0 0
0 0 0.0129032258064516 0 0 0.00645161290322581 0 0 0
0 0 0 0.00645161290322581 0 0 0 0 0.0129032258064516
0 0 0 0.00645161290322581 0 0 0.00645161290322581 0 0.00645161290322581
0.0193548387096774 0 0 0 0 0 0 0 0
0 0 0 0 0 0 0 0 0
0 0 0 0.00645161290322581 0.00645161290322581 0 0 0.0193548387096774 0
0 0 0.00645161290322581 0.00645161290322581 0 0 0 0.00645161290322581 0
0 0 0 0.00645161290322581 0.0129032258064516 0 0 0.00645161290322581 0.00645161290322581
0 0.00645161290322581 0 0 0.00645161290322581 0.00645161290322581 0.00645161290322581 0.00645161290322581 0.00645161290322581
0 0.0258064516129032 0 0 0 0.0129032258064516 0.0129032258064516 0.00645161290322581 0
0 0.0193548387096774 0.00645161290322581 0 0.00645161290322581 0.00645161290322581 0 0 0.00645161290322581
0 0 0 0.00645161290322581 0 0 0 0 0
0.0129032258064516 0 0.0129032258064516 0 0 0.00645161290322581 0.00645161290322581 0.00645161290322581 0.0129032258064516
