0.00876826722338205 0.0455114822546973 0.0304801670146138 0.0208768267223382 0.01419624217119 0.0137787056367432 0.0179540709812109 0.0116910229645094 0
0.00125260960334029 0.00167014613778706 0.000835073068893528 0 0.00375782881002088 0.00125260960334029 0.00250521920668058 0.00250521920668058 0.000417536534446764
0 0 0.00918580375782881 0.00835073068893528 0.00542797494780793 0.0125260960334029 0.00375782881002088 0.00668058455114823 0
0.00125260960334029 0.000417536534446764 0.000417536534446764 0.0154488517745303 0.0104384133611691 0.00876826722338205 0.0133611691022965 0.0179540709812109 0
0.00793319415448852 0.00208768267223382 0.015866388308977 0.00835073068893528 0.00709812108559499 0.00626304801670146 0.0187891440501044 0.00960334029227557 0.0563674321503132
0.00835073068893528 0.00542797494780793 0.0116910229645094 0.0183716075156576 0.0121085594989562 0.0204592901878914 0.00751565762004175 0.0125260960334029 0
0.0045929018789144 0.00125260960334029 0.00167014613778706 0.00292275574112735 0.0045929018789144 0.00709812108559499 0.01419624217119 0.00793319415448852 0.000835073068893528
0.0258872651356994 0.00626304801670146 0.0183716075156576 0.0100208768267223 0.0200417536534447 0.0146137787056367 0.0045929018789144 0.0100208768267223 0.0100208768267223
0.0467640918580376 0.000417536534446764 0.00292275574112735 0.0116910229645094 0.00793319415448852 0.00292275574112735 0.00542797494780793 0.00709812108559499 0
0.0150313152400835 0.00876826722338205 0.0217118997912317 0.0112734864300626 0.01419624217119 0.0146137787056367 0.0359081419624217 0.0225469728601253 0.0171189979123173
0.0162839248434238 0.00918580375782881 0.01419624217119 0.00292275574112735 0.00626304801670146 0.0045929018789144 0.00709812108559499 0.00125260960334029 0.00751565762004175
0.000835073068893528 0.000835073068893528 0.0112734864300626 0.00835073068893528 0.00835073068893528 0.00918580375782881 0.00876826722338205 0.00709812108559499 0
0 0.000417536534446764 0.00208768267223382 0.0242171189979123 0.0104384133611691 0.0196242171189979 0.0100208768267223 0.00876826722338205 0
0.0058455114822547 0.0045929018789144 0.00375782881002088 0.0137787056367432 0.00668058455114823 0.00751565762004175 0.00876826722338205 0.0100208768267223 0
0.0263048016701461 0.00167014613778706 0.00417536534446764 0.0112734864300626 0.00751565762004175 0.00709812108559499 0.0045929018789144 0.0133611691022965 0
0.00709812108559499 0.0613778705636743 0.0192066805845511 0.0171189979123173 0.0187891440501044 0.0150313152400835 0.00751565762004175 0.0179540709812109 0
0.00542797494780793 0.0488517745302714 0.0150313152400835 0.0100208768267223 0.0167014613778706 0.0171189979123173 0.0150313152400835 0.0233820459290188 0
0.0125260960334029 0.0154488517745303 0.0108559498956159 0.01419624217119 0.0321503131524008 0.0179540709812109 0.00918580375782881 0.01419624217119 0.000835073068893528
0.00709812108559499 0 0.00835073068893528 0.00292275574112735 0.00417536534446764 0.0058455114822547 0.0137787056367432 0.00334029227557411 0.0793319415448852
0.01419624217119 0.00125260960334029 0.0133611691022965 0.00334029227557411 0.0045929018789144 0.00918580375782881 0.00668058455114823 0.00751565762004175 0.0430062630480167
