0.0204081632653061 0 0.0204081632653061 0.0204081632653061 0 0.0612244897959184 0 0 0
0 0 0 0 0 0 0 0 0
0 0 0 0 0 0 0 0 0
0 0 0 0 0 0 0 0.0204081632653061 0
0 0 0 0 0 0 0.0204081632653061 0 0
0 0 0 0 0 0 0 0 0
0 0 0 0 0 0 0 0 0
0.0204081632653061 0 0 0 0 0 0 0 0
0 0 0 0 0.0204081632653061 0 0 0 0
0 0.0408163265306122 0 0 0 0 0 0.0204081632653061 0.0612244897959184
0 0.0204081632653061 0 0 0 0 0 0 0
0 0 0 0.0204081632653061 0 0 0 0 0
0 0 0.0408163265306122 0.0204081632653061 0 0 0.0204081632653061 0 0
0 0 0 0 0 0 0.0204081632653061 0 0
0.0204081632653061 0 0 0 0.0408163265306122 0 0 0 0
0 0 0 0 0 0 0 0 0
0 0 0 0 0 0 0 0 0
0 0 0 0 0 0 0 0.0204081632653061 0
0 0 0 0 0 0 0 0 0
0 0 0 0 0 0 0 0 0
