0.0297502104967724 0.0103845074375526 0.037328094302554 0.0336794835812518 0.0266629245018243 0.0193657030592198 0.048835251192815 0.0350827953971372 0.0348021330339601
0.00392927308447937 0.000561324726354196 0.00561324726354196 0.00926185798484423 0.00645523435307325 0.00926185798484423 0.00561324726354196 0.00336794835812518 0
0.00280662363177098 0.000280662363177098 0.0103845074375526 0.0376087566657311 0.017120404153803 0.00757788380578165 0.0112264945270839 0.00757788380578165 0
0.00420993544765647 0.00196463654223969 0.00533258490036486 0.0280662363177098 0.0106651698007297 0.00589390962671906 0.0101038450743755 0.0179623912433343 0
0.0493965759191692 0.000841987089531294 0.0311535223126579 0.0123491439797923 0.0196463654223969 0.0207690148751052 0.0207690148751052 0.0235756385068762 0.00392927308447937
0.023014313780522 0.000561324726354196 0.0120684816166152 0.0294695481335953 0.0249789503227617 0.0162784170642717 0.0165590794274488 0.0266629245018243 0.000561324726354196
0.00589390962671906 0 0.00645523435307325 0.00673589671625035 0.0103845074375526 0.00617457198989615 0.0109458321639068 0.00926185798484423 0
0.0190850406960427 0.0398540555711479 0.0275049115913556 0.0145944428852091 0.0249789503227617 0.0406960426606792 0.0207690148751052 0.0134717934325007 0.0575357844513051
0.0241369632332304 0 0.0137524557956778 0.0174010665169801 0.017120404153803 0.00617457198989615 0.0117878192534381 0.011507156890261 0.00224529890541678
0.0370474319393769 0.183553185517822 0.0269435868650014 0.0193657030592198 0.0319955094021892 0.0586584339040135 0.0325568341285434 0.0395733932079708 0.0920572551220881
0.014313780522032 0.0499579006455234 0.0202076901487511 0.00757788380578165 0.00701655907942745 0.0117878192534381 0.0106651698007297 0.00785854616895874 0.00785854616895874
0.0117878192534381 0.000561324726354196 0.0235756385068762 0.0176817288801572 0.0140331181588549 0.0134717934325007 0.0134717934325007 0.00813920853213584 0
0.00308728599494808 0.000280662363177098 0.0123491439797923 0.0174010665169801 0.0106651698007297 0.0109458321639068 0.0168397417906259 0.0204883525119282 0.000561324726354196
0.00505192253718776 0.0103845074375526 0.00898119562166714 0.00926185798484423 0.00926185798484423 0.0129104687061465 0.0103845074375526 0.011507156890261 0.000561324726354196
0.0179623912433343 0.00112264945270839 0.014313780522032 0.0126298063429694 0.011507156890261 0.0106651698007297 0.00645523435307325 0.0117878192534381 0.00168397417906259
0.0261015997754701 0.00308728599494808 0.0277855739545327 0.0308728599494808 0.0196463654223969 0.0235756385068762 0.025820937412293 0.0311535223126579 0.00336794835812518
0.0154364299747404 0.0162784170642717 0.011507156890261 0.019927027785574 0.0252596126859388 0.0227336514173449 0.0350827953971372 0.0289082234072411 0.0137524557956778
0.0193657030592198 0.0289082234072411 0.0182430536065114 0.00954252034802133 0.0303115352231266 0.034521470670783 0.0165590794274488 0.0126298063429694 0.128824024698288
0.00561324726354196 0.000280662363177098 0.00701655907942745 0.00392927308447937 0.00926185798484423 0.00308728599494808 0.00954252034802133 0.00841987089531294 0.000280662363177098
0.0311535223126579 0.000280662363177098 0.028627561044064 0.0117878192534381 0.0221723266909907 0.0145944428852091 0.0151557676115633 0.0202076901487511 0.00112264945270839
