0.0588235294117647 0.0882352941176471 0.0294117647058824 0.0882352941176471 0.0882352941176471 0.0588235294117647 0.0882352941176471 0.0882352941176471 0
0 0 0 0 0 0 0.0294117647058824 0 0
0.147058823529412 0 0 0 0 0 0 0 0
0.117647058823529 0 0 0.0588235294117647 0 0 0 0.0294117647058824 0
0 0 0 0.0294117647058824 0 0 0 0 0
0 0 0 0 0.0294117647058824 0.0294117647058824 0.0588235294117647 0 0
0 0.0294117647058824 0 0 0.0294117647058824 0 0.117647058823529 0 0
0 0 0 0 0.0588235294117647 0.147058823529412 0 0 0
0 0 0.0294117647058824 0.0294117647058824 0 0 0 0 0
0.0294117647058824 0 0.0588235294117647 0.0588235294117647 0 0.0294117647058824 0 0 0.352941176470588
0 0 0 0 0 0.0294117647058824 0 0 0
0.0294117647058824 0 0 0 0 0 0.0588235294117647 0.0294117647058824 0
0 0 0 0 0 0 0 0 0
0 0 0 0 0 0 0 0 0
0 0.264705882352941 0 0.117647058823529 0.176470588235294 0.0882352941176471 0 0 0
0 0 0 0 0 0 0 0.235294117647059 0
0 0 0.0294117647058824 0 0 0 0 0 0.0294117647058824
0 0 0 0 0 0 0.0294117647058824 0 0
0 0 0 0 0 0 0 0 0
0 0 0.235294117647059 0 0 0 0 0 0
