0 0 0 0.00353356890459364 0 0 0 0 0
0 0 0 0 0 0 0 0 0
0 0 0 0 0 0 0 0 0
0 0 0 0 0 0 0 0 0
0 0 0 0 0 0 0 0 0
0 0 0 0 0 0 0 0 0
0 0 0 0 0.00353356890459364 0 0 0 0
0 0 0 0 0 0 0 0 0.00353356890459364
0 0 0 0 0 0 0 0 0
0 0 0.00353356890459364 0.00353356890459364 0 0 0 0 0
0 0 0 0 0 0 0 0 0
0 0 0 0 0 0 0 0 0
0 0 0 0 0 0 0 0 0
0 0.00353356890459364 0 0 0 0 0 0.00353356890459364 0
0.00706713780918728 0 0 0 0 0.00353356890459364 0.00353356890459364 0 0
0 0 0 0 0 0 0 0.00353356890459364 0
0 0 0 0 0 0 0 0 0
0 0.00353356890459364 0 0 0 0.00353356890459364 0 0 0.00353356890459364
0 0 0 0 0.00353356890459364 0 0 0 0
0 0 0.00353356890459364 0 0 0 0.00353356890459364 0 0
