0.0172413793103448 0.0517241379310345 0.0172413793103448 0.137931034482759 0.0517241379310345 0.0689655172413793 0.0517241379310345 0.172413793103448 0
0 0 0 0 0 0 0 0 0
0 0 0 0.0517241379310345 0 0.0172413793103448 0.0172413793103448 0 0
0.0689655172413793 0 0 0.0517241379310345 0.0172413793103448 0 0 0.0344827586206897 0
0.103448275862069 0 0.206896551724138 0.0172413793103448 0 0.0344827586206897 0.103448275862069 0.0344827586206897 0.275862068965517
0 0 0 0.0517241379310345 0.0689655172413793 0.0172413793103448 0 0.0344827586206897 0
0.0172413793103448 0 0.0172413793103448 0.0172413793103448 0 0.0344827586206897 0.0517241379310345 0.0172413793103448 0
0.0172413793103448 0.0517241379310345 0.0862068965517241 0.0172413793103448 0.0689655172413793 0.0689655172413793 0.0172413793103448 0 0.120689655172414
0.0172413793103448 0 0 0.0344827586206897 0 0.0172413793103448 0 0.0172413793103448 0.0344827586206897
0.0172413793103448 0.0344827586206897 0.0344827586206897 0.0344827586206897 0.0517241379310345 0.120689655172414 0.0517241379310345 0 0.137931034482759
0.241379310344828 0.120689655172414 0.224137931034483 0.0172413793103448 0.0172413793103448 0 0.0344827586206897 0.0172413793103448 0.0172413793103448
0 0 0.0172413793103448 0.0517241379310345 0.0172413793103448 0.0172413793103448 0 0 0
0 0.0517241379310345 0.0172413793103448 0.0862068965517241 0.0344827586206897 0.0517241379310345 0.0689655172413793 0.224137931034483 0
0 0 0 0.0172413793103448 0.0172413793103448 0.0172413793103448 0.0172413793103448 0.0344827586206897 0
0 0 0.0172413793103448 0.0344827586206897 0.0517241379310345 0.0689655172413793 0.0344827586206897 0.0172413793103448 0.0172413793103448
0.0689655172413793 0.0517241379310345 0.0172413793103448 0.0689655172413793 0.0862068965517241 0.0689655172413793 0.0862068965517241 0.0517241379310345 0
0.0344827586206897 0.275862068965517 0.0344827586206897 0.0517241379310345 0.0862068965517241 0.103448275862069 0.0344827586206897 0.0862068965517241 0
0 0.120689655172414 0 0.0172413793103448 0.0689655172413793 0.0344827586206897 0.0172413793103448 0 0.0517241379310345
0.0172413793103448 0 0.0172413793103448 0 0.0862068965517241 0.0344827586206897 0.103448275862069 0 0.0517241379310345
0.155172413793103 0.0172413793103448 0.0689655172413793 0.0172413793103448 0.0517241379310345 0 0.0862068965517241 0.0344827586206897 0.0689655172413793
