0 0.466666666666667 0.2 0 0 0 0.0666666666666667 0 0
0 0 0 0 0 0 0 0 0
0 0 0 0 0.2 0.0666666666666667 0 0.133333333333333 0
0 0 0 0.133333333333333 0.133333333333333 0 0.0666666666666667 0.0666666666666667 0
0.0666666666666667 0 0 0.0666666666666667 0.0666666666666667 0.133333333333333 0 0.0666666666666667 0.266666666666667
0 0.0666666666666667 0 0.2 0 0 0 0.0666666666666667 0
0.133333333333333 0 0 0 0 0 0 0.0666666666666667 0
0.133333333333333 0 0 0 0 0.133333333333333 0.0666666666666667 0.133333333333333 0
0.2 0 0 0 0 0 0.2 0 0
0.0666666666666667 0 0 0 0.0666666666666667 0.133333333333333 0 0 0
0 0 0.0666666666666667 0 0 0.0666666666666667 0 0 0
0 0 0 0 0 0 0 0.2 0
0 0 0 0.0666666666666667 0 0 0.133333333333333 0 0
0.2 0 0.2 0.2 0.0666666666666667 0 0 0 0
0 0 0 0 0 0 0 0 0
0 0.0666666666666667 0.0666666666666667 0 0.133333333333333 0.0666666666666667 0.133333333333333 0 0
0 0.2 0.2 0 0 0 0 0 0
0 0 0.0666666666666667 0.133333333333333 0.0666666666666667 0.2 0.133333333333333 0.0666666666666667 0
0 0 0 0 0 0 0 0 0.533333333333333
0 0 0 0 0.0666666666666667 0 0 0 0
