0.0277777777777778 0.0277777777777778 0.0277777777777778 0.037037037037037 0.037037037037037 0.0740740740740741 0.0185185185185185 0.0833333333333333 0
0 0 0 0.0185185185185185 0 0.00925925925925926 0.00925925925925926 0.00925925925925926 0
0 0 0 0.0648148148148148 0.0185185185185185 0.00925925925925926 0 0.00925925925925926 0
0 0 0 0.037037037037037 0 0.00925925925925926 0 0.0277777777777778 0
0.111111111111111 0.00925925925925926 0.0555555555555556 0.0185185185185185 0.0462962962962963 0.0462962962962963 0.0925925925925926 0.00925925925925926 0.194444444444444
0.00925925925925926 0.00925925925925926 0 0.0185185185185185 0.0648148148148148 0.0185185185185185 0.0277777777777778 0.00925925925925926 0
0.037037037037037 0 0.00925925925925926 0 0.0277777777777778 0.037037037037037 0.0277777777777778 0.0185185185185185 0.00925925925925926
0.00925925925925926 0 0.0185185185185185 0.00925925925925926 0.0185185185185185 0.0462962962962963 0.0185185185185185 0.0462962962962963 0.037037037037037
0.0185185185185185 0 0.0462962962962963 0.00925925925925926 0.0462962962962963 0.00925925925925926 0 0.00925925925925926 0
0.0277777777777778 0.0185185185185185 0.0462962962962963 0.037037037037037 0.00925925925925926 0.0277777777777778 0.0833333333333333 0.00925925925925926 0.203703703703704
0.037037037037037 0.0462962962962963 0.0740740740740741 0.00925925925925926 0.00925925925925926 0.0185185185185185 0.0277777777777778 0 0.0462962962962963
0.0277777777777778 0 0.0648148148148148 0.0462962962962963 0.0277777777777778 0.00925925925925926 0.0185185185185185 0.00925925925925926 0
0 0 0.0277777777777778 0.12962962962963 0.0277777777777778 0.037037037037037 0.00925925925925926 0.101851851851852 0
0 0.0277777777777778 0 0.00925925925925926 0 0.0555555555555556 0 0.0185185185185185 0
0.0925925925925926 0.203703703703704 0.0648148148148148 0.037037037037037 0.0833333333333333 0.0185185185185185 0.037037037037037 0.0185185185185185 0
0.0185185185185185 0.0277777777777778 0.0555555555555556 0.0648148148148148 0.0462962962962963 0.0277777777777778 0.037037037037037 0.0555555555555556 0
0.00925925925925926 0 0.00925925925925926 0.0277777777777778 0.00925925925925926 0.0277777777777778 0.0277777777777778 0.0555555555555556 0
0.00925925925925926 0.00925925925925926 0 0.00925925925925926 0.0185185185185185 0.0648148148148148 0.037037037037037 0.0740740740740741 0
0.00925925925925926 0 0.0277777777777778 0.00925925925925926 0.0462962962962963 0.0277777777777778 0.0555555555555556 0 0
0.157407407407407 0.222222222222222 0.0740740740740741 0.00925925925925926 0.0648148148148148 0.0277777777777778 0.0740740740740741 0.037037037037037 0.111111111111111
