0.0440528634361234 0 0.026431718061674 0.0220264317180617 0.0066079295154185 0.013215859030837 0.0242290748898678 0.026431718061674 0.0484581497797357
0.0066079295154185 0 0 0 0.00440528634361234 0.00881057268722467 0.00440528634361234 0.00881057268722467 0
0 0 0 0.0110132158590308 0.0154185022026432 0.00220264317180617 0 0.00440528634361234 0
0.0110132158590308 0.18942731277533 0.0110132158590308 0.00881057268722467 0.00881057268722467 0.0110132158590308 0.00440528634361234 0.013215859030837 0
0.00220264317180617 0 0.00881057268722467 0.00220264317180617 0.0176211453744493 0.0066079295154185 0.0154185022026432 0.0066079295154185 0.0110132158590308
0.00881057268722467 0 0.00881057268722467 0.00881057268722467 0.0154185022026432 0.0176211453744493 0.00220264317180617 0.00440528634361234 0.0066079295154185
0.00220264317180617 0 0.00440528634361234 0.00220264317180617 0.00440528634361234 0.00440528634361234 0.0066079295154185 0.00881057268722467 0
0.00440528634361234 0.00220264317180617 0.0110132158590308 0.00440528634361234 0.0110132158590308 0.0154185022026432 0.0110132158590308 0.0066079295154185 0.0176211453744493
0.00881057268722467 0 0.0066079295154185 0.00881057268722467 0.013215859030837 0.00440528634361234 0.00220264317180617 0.00220264317180617 0
0.00881057268722467 0 0.026431718061674 0.0286343612334802 0.0220264317180617 0.0110132158590308 0.026431718061674 0.0176211453744493 0.0352422907488987
0.00881057268722467 0 0.00881057268722467 0.00881057268722467 0.0066079295154185 0.00220264317180617 0.00220264317180617 0.00881057268722467 0.00440528634361234
0.0066079295154185 0 0.0242290748898678 0.0066079295154185 0.0066079295154185 0.00440528634361234 0.00881057268722467 0.0066079295154185 0
0 0 0 0.0154185022026432 0.00440528634361234 0.0066079295154185 0.00881057268722467 0.00881057268722467 0
0.0110132158590308 0 0.0066079295154185 0.013215859030837 0 0.00881057268722467 0.00881057268722467 0.0066079295154185 0
0.0220264317180617 0 0.00881057268722467 0.00440528634361234 0.00220264317180617 0.00881057268722467 0.00440528634361234 0.00440528634361234 0
0.026431718061674 0 0.0066079295154185 0.0176211453744493 0.0110132158590308 0.0198237885462555 0.0110132158590308 0.013215859030837 0.0066079295154185
0.0110132158590308 0 0.0110132158590308 0.0066079295154185 0.013215859030837 0.0110132158590308 0.013215859030837 0.00220264317180617 0.0286343612334802
0.0066079295154185 0 0.00881057268722467 0.0176211453744493 0.0066079295154185 0.026431718061674 0.0176211453744493 0.0220264317180617 0.026431718061674
0 0 0.00440528634361234 0 0.0066079295154185 0.00220264317180617 0.00440528634361234 0.0110132158590308 0
0.00220264317180617 0 0.00881057268722467 0.00440528634361234 0.0154185022026432 0.0066079295154185 0.0154185022026432 0.00881057268722467 0.0066079295154185
