0.0101936799184506 0.00305810397553517 0.0214067278287462 0.0112130479102956 0.0101936799184506 0.0132517838939857 0.0193679918450561 0.0112130479102956 0.0142711518858308
0.00305810397553517 0 0 0.00203873598369011 0.00509683995922528 0.00509683995922528 0.00407747196738022 0.00305810397553517 0
0.00611620795107034 0 0.0142711518858308 0.035677879714577 0.0101936799184506 0.00917431192660551 0.00509683995922528 0.00407747196738022 0
0.00611620795107034 0 0.00101936799184506 0.0285423037716616 0.00509683995922528 0.00509683995922528 0.00509683995922528 0.00611620795107034 0
0.0234454638124363 0.00203873598369011 0.0122324159021407 0.00407747196738022 0.00407747196738022 0.00611620795107034 0.0224260958205912 0.00917431192660551 0.00407747196738022
0.0193679918450561 0.00101936799184506 0.0112130479102956 0.0224260958205912 0.0254841997961264 0.0112130479102956 0.00611620795107034 0.018348623853211 0
0.00203873598369011 0 0.00305810397553517 0.00101936799184506 0.00407747196738022 0.00917431192660551 0.0142711518858308 0.0122324159021407 0
0.00611620795107034 0.00713557594291539 0.00713557594291539 0.00305810397553517 0.00611620795107034 0.0163098878695209 0.0152905198776758 0.00203873598369011 0.0214067278287462
0.0152905198776758 0 0.00203873598369011 0.00509683995922528 0.00407747196738022 0.00305810397553517 0 0.00611620795107034 0
0.0101936799184506 0.0968399592252803 0.0224260958205912 0.00815494393476045 0.00917431192660551 0.0285423037716616 0.00815494393476045 0.0112130479102956 0.0519877675840979
0.00611620795107034 0.0387359836901121 0.0163098878695209 0.00305810397553517 0.00611620795107034 0.00509683995922528 0.00509683995922528 0.00407747196738022 0.00917431192660551
0.00917431192660551 0 0.00917431192660551 0.00815494393476045 0.00917431192660551 0.00305810397553517 0.00611620795107034 0.00713557594291539 0
0 0 0.00509683995922528 0.0152905198776758 0.00713557594291539 0.00713557594291539 0.0152905198776758 0.0112130479102956 0
0.00407747196738022 0.00917431192660551 0.00509683995922528 0.00815494393476045 0.00815494393476045 0.00815494393476045 0.00611620795107034 0.00407747196738022 0
0.00407747196738022 0 0.00203873598369011 0.00407747196738022 0.00101936799184506 0 0.00101936799184506 0.00713557594291539 0
0.00713557594291539 0.00101936799184506 0.00917431192660551 0.00611620795107034 0.0132517838939857 0.0163098878695209 0.00611620795107034 0.0163098878695209 0.00203873598369011
0.00713557594291539 0.00713557594291539 0.00611620795107034 0.00407747196738022 0.0122324159021407 0.0142711518858308 0.00917431192660551 0.018348623853211 0.00815494393476045
0.00611620795107034 0.0112130479102956 0.00305810397553517 0.00203873598369011 0.0101936799184506 0.0112130479102956 0.00713557594291539 0.0101936799184506 0.0662589194699287
0.00917431192660551 0 0.00713557594291539 0.00305810397553517 0.0132517838939857 0.00305810397553517 0.00713557594291539 0.00101936799184506 0
0.0224260958205912 0 0.0193679918450561 0.00203873598369011 0.0132517838939857 0.00203873598369011 0.0142711518858308 0.0142711518858308 0
