0.0401761144744084 0.0184369840396258 0.0214639515685195 0.0225646670335718 0.0167859108420473 0.0173362685745735 0.0176114474408365 0.019262520638415 0.000550357732526142
0.00412768299394606 0 0.00687947165657677 0.00550357732526142 0.00550357732526142 0.00440286186020914 0.00605393505778756 0.00522839845899835 0
0.00330214639515685 0 0.0151348376444689 0.0220143093010457 0.0110071546505228 0.00908090258668134 0.0085305448541552 0.00715465052283985 0
0.00330214639515685 0.000275178866263071 0.00330214639515685 0.0159603742432581 0.0107319757842598 0.0121078701155751 0.00798018712162906 0.011557512383049 0.000275178866263071
0.00522839845899835 0.00742982938910292 0.0382498624105669 0.0198128783709411 0.023390203632361 0.0203632361034673 0.027242707760044 0.023390203632361 0.000550357732526142
0.0151348376444689 0.00275178866263071 0.0129334067143643 0.0170610897083104 0.0170610897083104 0.019262520638415 0.00742982938910292 0.0137589433131535 0
0.00330214639515685 0.000550357732526142 0.0066042927903137 0.00440286186020914 0.00495321959273528 0.0085305448541552 0.0107319757842598 0.00495321959273528 0.00550357732526142
0.0181618051733627 0.0365987892129884 0.0228398458998349 0.0104567969179967 0.0200880572372042 0.0220143093010457 0.0291689598238855 0.0104567969179967 0
0.0294441386901486 0.000550357732526142 0.00825536598789213 0.0173362685745735 0.011557512383049 0.011557512383049 0.00825536598789213 0.0165107319757843 0.184369840396258
0.0200880572372042 0.0382498624105669 0.0283434232250963 0.0242157402311502 0.0244909190974133 0.023115024766098 0.0531095211887727 0.0324711062190424 0.00110071546505228
0.015410016510732 0.0110071546505228 0.0170610897083104 0.00935608145294441 0.00715465052283985 0.00825536598789213 0.0184369840396258 0.00798018712162906 0.000825536598789213
0.00550357732526142 0.00275178866263071 0.0187121629058888 0.0145844799119428 0.0178866263070996 0.0178866263070996 0.00990643918547056 0.0170610897083104 0
0.00302696752889378 0.000275178866263071 0.00495321959273528 0.0162355531095212 0.015410016510732 0.0134837644468905 0.00935608145294441 0.0211887727022565 0.000275178866263071
0.00605393505778756 0.0140341221794166 0.00798018712162906 0.0101816180517336 0.00935608145294441 0.00825536598789213 0.00495321959273528 0.0107319757842598 0
0.0220143093010457 0 0.00357732526141992 0.0143093010456797 0.0123830489818382 0.0143093010456797 0.00550357732526142 0.015685195376995 0.0514584479911943
0.0360484314804623 0.0401761144744084 0.0211887727022565 0.0225646670335718 0.030820033021464 0.0228398458998349 0.0184369840396258 0.019537699504678 0.000550357732526142
0.0264171711612548 0.0588882773802972 0.011557512383049 0.0167859108420473 0.0162355531095212 0.0211887727022565 0.0129334067143643 0.015685195376995 0
0.0225646670335718 0.0575123830489818 0.0112823335167859 0.0162355531095212 0.0187121629058888 0.0206384149697303 0.0162355531095212 0.0148596587782058 0.00137589433131536
0.0019262520638415 0.000275178866263071 0.00247660979636764 0.00385250412768299 0.00495321959273528 0.00577875619152449 0.00632911392405063 0.00357732526141992 0.000275178866263071
0.0107319757842598 0.00220143093010457 0.0291689598238855 0.0085305448541552 0.0134837644468905 0.011557512383049 0.0137589433131535 0.0209135938359934 0.0448541552008806
