0.00699300699300699 0.0699300699300699 0.034965034965035 0.020979020979021 0.034965034965035 0.041958041958042 0.0629370629370629 0.013986013986014 0
0 0 0 0 0.020979020979021 0 0 0.013986013986014 0
0 0 0.300699300699301 0.0769230769230769 0.00699300699300699 0 0 0.00699300699300699 0
0 0 0.00699300699300699 0.0769230769230769 0.00699300699300699 0.013986013986014 0.013986013986014 0.041958041958042 0
0.048951048951049 0.020979020979021 0 0 0.027972027972028 0.00699300699300699 0.034965034965035 0.020979020979021 0.104895104895105
0 0 0 0 0.0699300699300699 0.027972027972028 0.013986013986014 0.013986013986014 0
0.00699300699300699 0 0 0.00699300699300699 0.00699300699300699 0.020979020979021 0.00699300699300699 0.00699300699300699 0
0.020979020979021 0.00699300699300699 0 0.027972027972028 0.0559440559440559 0.00699300699300699 0.034965034965035 0.013986013986014 0.034965034965035
0.027972027972028 0 0 0.00699300699300699 0 0 0 0.00699300699300699 0
0.048951048951049 0.0909090909090909 0.00699300699300699 0.027972027972028 0.013986013986014 0.013986013986014 0.027972027972028 0.0699300699300699 0.118881118881119
0.020979020979021 0 0.013986013986014 0 0.00699300699300699 0 0 0.00699300699300699 0.020979020979021
0.00699300699300699 0.00699300699300699 0.00699300699300699 0.020979020979021 0.013986013986014 0.0769230769230769 0.041958041958042 0.00699300699300699 0
0 0 0 0.027972027972028 0.034965034965035 0.027972027972028 0 0.027972027972028 0
0 0.00699300699300699 0 0.00699300699300699 0.00699300699300699 0.013986013986014 0.013986013986014 0.020979020979021 0
0.027972027972028 0 0 0 0 0 0 0.00699300699300699 0
0.027972027972028 0.0839160839160839 0.00699300699300699 0.020979020979021 0.013986013986014 0.020979020979021 0.041958041958042 0.027972027972028 0
0.00699300699300699 0.0699300699300699 0 0.020979020979021 0.013986013986014 0.0769230769230769 0.034965034965035 0.020979020979021 0
0.041958041958042 0.020979020979021 0 0.00699300699300699 0.041958041958042 0.020979020979021 0.027972027972028 0.027972027972028 0.104895104895105
0.00699300699300699 0 0 0.020979020979021 0 0 0.00699300699300699 0 0
0.0839160839160839 0.00699300699300699 0.00699300699300699 0.013986013986014 0.00699300699300699 0.013986013986014 0.020979020979021 0.027972027972028 0
