0.00394866732477789 0.00444225074037512 0.0182625863770977 0.00394866732477789 0.00493583415597236 0.00641658440276407 0.0113524185587364 0.010365251727542 0.00444225074037512
0.000493583415597236 0.000493583415597236 0 0.00345508390918065 0.000493583415597236 0.000493583415597236 0 0.00148075024679171 0
0.00394866732477789 0 0.00839091806515301 0.0153010858835143 0.00296150049358342 0.00148075024679171 0.00197433366238894 0.00197433366238894 0
0.0133267522211254 0 0.000493583415597236 0.0133267522211254 0.000987166831194472 0.000987166831194472 0.00148075024679171 0.00296150049358342 0
0.010365251727542 0.00246791707798618 0.00740375123395854 0.00148075024679171 0.00592300098716683 0.00493583415597236 0.00888450148075025 0.00789733464955577 0.000987166831194472
0.00148075024679171 0.000493583415597236 0.000987166831194472 0.00937808489634748 0.0108588351431392 0.00493583415597236 0.00345508390918065 0.00740375123395854 0
0.00296150049358342 0 0.000987166831194472 0.000493583415597236 0.00493583415597236 0.00345508390918065 0.0113524185587364 0.00296150049358342 0
0.00444225074037512 0.00839091806515301 0.00888450148075025 0.00296150049358342 0.00444225074037512 0.00839091806515301 0.00740375123395854 0.000493583415597236 0.00740375123395854
0.00148075024679171 0 0.00148075024679171 0.00394866732477789 0.00148075024679171 0.000987166831194472 0.000987166831194472 0.00197433366238894 0.00246791707798618
0.0069101678183613 0.0261599210266535 0.00839091806515301 0.00296150049358342 0.00493583415597236 0.0113524185587364 0.0069101678183613 0.00394866732477789 0.0266535044422507
0.00444225074037512 0.00740375123395854 0.0069101678183613 0.000493583415597236 0.00246791707798618 0.00444225074037512 0.00345508390918065 0.00493583415597236 0.00839091806515301
0.00345508390918065 0 0.00197433366238894 0.00296150049358342 0.0054294175715696 0.00444225074037512 0.00246791707798618 0.00444225074037512 0
0 0.00789733464955577 0.00197433366238894 0.00987166831194472 0.00839091806515301 0.00345508390918065 0.00740375123395854 0.00789733464955577 0
0.00148075024679171 0.00246791707798618 0.00197433366238894 0.00197433366238894 0.00345508390918065 0.00345508390918065 0.00296150049358342 0.00246791707798618 0.000493583415597236
0.00345508390918065 0 0.00148075024679171 0.00345508390918065 0.00246791707798618 0.00345508390918065 0.00197433366238894 0.00296150049358342 0.000493583415597236
0.0069101678183613 0.00246791707798618 0.00345508390918065 0.0069101678183613 0.00246791707798618 0.00937808489634748 0.000987166831194472 0.0054294175715696 0.000493583415597236
0.0069101678183613 0.0133267522211254 0.000987166831194472 0.00148075024679171 0.00493583415597236 0.00839091806515301 0.00246791707798618 0.00740375123395854 0.000987166831194472
0.00246791707798618 0.0133267522211254 0.0054294175715696 0.000493583415597236 0.00641658440276407 0.0054294175715696 0.00394866732477789 0.00246791707798618 0.035538005923001
0.000493583415597236 0 0.00197433366238894 0.00394866732477789 0.00493583415597236 0.00197433366238894 0.00592300098716683 0.00246791707798618 0
0.0108588351431392 0.000493583415597236 0.00839091806515301 0.000987166831194472 0.0069101678183613 0.00197433366238894 0.00444225074037512 0.00789733464955577 0.00148075024679171
