0.0279039584685269 0.0220635950681376 0.0412070084360805 0.0217391304347826 0.0327709279688514 0.0233614536015574 0.0412070084360805 0.073004542504867 0.0175210902011681
0.00324464633354964 0 0.000973393900064893 0.00421804023361454 0.00356911096690461 0.000973393900064893 0.00162232316677482 0.00227125243348475 0.000324464633354964
0.00162232316677482 0 0.00324464633354964 0.0152498377676833 0.00584036340038936 0.00648929266709929 0.00421804023361454 0.00519143413367943 0
0.00162232316677482 0.000324464633354964 0.00616482803374432 0.0168721609344581 0.00616482803374432 0.00584036340038936 0.00584036340038936 0.00778715120051914 0.00194678780012979
0.018494484101233 0.000324464633354964 0.0116807268007787 0.00940947436729397 0.0103828682673589 0.0110317975340688 0.00843608046722907 0.0045425048669695 0.0392602206359507
0.00876054510058404 0.000648929266709929 0.0103828682673589 0.018170019467878 0.0223880597014925 0.0327709279688514 0.0201168072680078 0.00746268656716418 0
0.00778715120051914 0.000648929266709929 0.00551589876703439 0.009085009733939 0.0110317975340688 0.00389357560025957 0.00811161583387411 0.00356911096690461 0.00129785853341986
0.0197923426346528 0.00356911096690461 0.0110317975340688 0.0116807268007787 0.0133030499675535 0.0100584036340039 0.0126541207008436 0.0103828682673589 0.0295262816353018
0.0142764438676184 0.000648929266709929 0.0155743024010383 0.0120051914341337 0.0149253731343284 0.00713822193380921 0.009085009733939 0.0045425048669695 0.000324464633354964
0.0343932511356262 0.0103828682673589 0.018170019467878 0.0207657365347177 0.0240103828682674 0.0191434133679429 0.0266060999351071 0.0113562621674238 0.109020116807268
0.0136275146009085 0.00324464633354964 0.0100584036340039 0.00616482803374432 0.00584036340038936 0.00713822193380921 0.00843608046722907 0.00713822193380921 0.0337443218689163
0.00486696950032446 0.000973393900064893 0.00681375730045425 0.009085009733939 0.0116807268007787 0.00973393900064893 0.00681375730045425 0.00584036340038936 0
0.000973393900064893 0.207981829980532 0.00648929266709929 0.0210902011680727 0.0191434133679429 0.00940947436729397 0.0107073329007138 0.0311486048020766 0.00162232316677482
0.00713822193380921 0.00162232316677482 0.0107073329007138 0.018170019467878 0.00648929266709929 0.0142764438676184 0.0110317975340688 0.00584036340038936 0.00129785853341986
0.0509409474367294 0.000973393900064893 0.0674886437378326 0.0162232316677482 0.0304996755353666 0.0418559377027904 0.0246593121349773 0.00648929266709929 0.000324464633354964
0.0158987670343932 0.00129785853341986 0.0136275146009085 0.0207657365347177 0.018170019467878 0.0207657365347177 0.0282284231018819 0.0337443218689163 0.000973393900064893
0.0133030499675535 0.00421804023361454 0.0116807268007787 0.0197923426346528 0.0165476963011032 0.0249837767683323 0.0246593121349773 0.0240103828682674 0.00486696950032446
0.0155743024010383 0.0191434133679429 0.0139519792342635 0.0139519792342635 0.0142764438676184 0.0197923426346528 0.018494484101233 0.027255029201817 0.0304996755353666
0.0045425048669695 0 0.00421804023361454 0.00746268656716418 0.00486696950032446 0.00551589876703439 0.00227125243348475 0.00292018170019468 0.00259571706683971
0.0133030499675535 0 0.009085009733939 0.00616482803374432 0.00616482803374432 0.00389357560025957 0.00486696950032446 0.00356911096690461 0.00292018170019468
