0.0274285714285714 0.00937142857142857 0.0210285714285714 0.0224 0.0132571428571429 0.0178285714285714 0.0157714285714286 0.0182857142857143 0.000914285714285714
0.00297142857142857 0.00137142857142857 0.00388571428571429 0.00274285714285714 0.00457142857142857 0.00525714285714286 0.00411428571428571 0.00365714285714286 0
0.00114285714285714 0.000228571428571429 0.00868571428571429 0.0164571428571429 0.00777142857142857 0.0048 0.00342857142857143 0.00594285714285714 0
0.0016 0 0.00251428571428571 0.0144 0.008 0.00914285714285714 0.00342857142857143 0.0100571428571429 0
0.00754285714285714 0.00434285714285714 0.0301714285714286 0.0148571428571429 0.0146285714285714 0.0182857142857143 0.0192 0.0212571428571429 0.000914285714285714
0.0134857142857143 0.0032 0.00914285714285714 0.0157714285714286 0.0150857142857143 0.0208 0.0116571428571429 0.0176 0
0.00571428571428571 0.000228571428571429 0.00754285714285714 0.00525714285714286 0.008 0.00708571428571429 0.00685714285714286 0.00502857142857143 0.00685714285714286
0.0169142857142857 0.0269714285714286 0.0125714285714286 0.00822857142857143 0.0155428571428571 0.0180571428571429 0.0233142857142857 0.008 0
0.0326857142857143 0.000228571428571429 0.00914285714285714 0.0173714285714286 0.0134857142857143 0.00822857142857143 0.00822857142857143 0.0132571428571429 0.159771428571429
0.0157714285714286 0.0658285714285714 0.0260571428571429 0.0194285714285714 0.0205714285714286 0.0196571428571429 0.0482285714285714 0.0294857142857143 0.00205714285714286
0.0141714285714286 0.0178285714285714 0.0137142857142857 0.00502857142857143 0.008 0.00571428571428571 0.0134857142857143 0.00548571428571429 0
0.0032 0.00137142857142857 0.0128 0.0114285714285714 0.0132571428571429 0.0096 0.00868571428571429 0.0125714285714286 0.000228571428571429
0.00114285714285714 0.000228571428571429 0.00457142857142857 0.0141714285714286 0.0139428571428571 0.0107428571428571 0.00777142857142857 0.0146285714285714 0
0.00708571428571429 0.00731428571428571 0.00365714285714286 0.00822857142857143 0.00731428571428571 0.00777142857142857 0.00594285714285714 0.00937142857142857 0.000228571428571429
0.0313142857142857 0.000228571428571429 0.00937142857142857 0.0134857142857143 0.016 0.0132571428571429 0.00685714285714286 0.016 0.0370285714285714
0.0203428571428571 0.0249142857142857 0.0166857142857143 0.0187428571428571 0.024 0.0224 0.0196571428571429 0.0166857142857143 0
0.0171428571428571 0.0384 0.00754285714285714 0.0128 0.0114285714285714 0.0198857142857143 0.0185142857142857 0.0132571428571429 0
0.0205714285714286 0.0443428571428571 0.00754285714285714 0.0130285714285714 0.0169142857142857 0.0144 0.00982857142857143 0.0105142857142857 0.000914285714285714
0.00182857142857143 0.000228571428571429 0.00365714285714286 0.00571428571428571 0.00525714285714286 0.00617142857142857 0.00457142857142857 0.00297142857142857 0.000228571428571429
0.00617142857142857 0.0016 0.0379428571428571 0.00868571428571429 0.0112 0.00914285714285714 0.00868571428571429 0.0141714285714286 0.0390857142857143
