0.00513698630136986 0.00684931506849315 0.0222602739726027 0.00684931506849315 0.011986301369863 0.011986301369863 0.0188356164383562 0.0188356164383562 0.0325342465753425
0.00513698630136986 0 0.00342465753424658 0.00684931506849315 0.00342465753424658 0.00513698630136986 0.00342465753424658 0 0.00171232876712329
0.00342465753424658 0 0.00171232876712329 0.00856164383561644 0.00342465753424658 0.00171232876712329 0.00684931506849315 0.00171232876712329 0
0.00171232876712329 0 0.00342465753424658 0.0171232876712329 0.00342465753424658 0.00171232876712329 0.00513698630136986 0.0102739726027397 0
0.0547945205479452 0 0.0188356164383562 0.00856164383561644 0.0188356164383562 0.0222602739726027 0.0188356164383562 0.00171232876712329 0.0171232876712329
0.00171232876712329 0 0.0102739726027397 0.00513698630136986 0.011986301369863 0.011986301369863 0 0.00513698630136986 0
0.00171232876712329 0 0.00684931506849315 0.00513698630136986 0.00342465753424658 0.00171232876712329 0.00856164383561644 0.00342465753424658 0
0.0102739726027397 0 0.0154109589041096 0.011986301369863 0.0222602739726027 0.0102739726027397 0.0136986301369863 0.0222602739726027 0.0530821917808219
0.00342465753424658 0 0.0102739726027397 0.00513698630136986 0.00171232876712329 0.00684931506849315 0.00684931506849315 0.00513698630136986 0
0.0479452054794521 0.00171232876712329 0.0102739726027397 0.0188356164383562 0.0256849315068493 0.0308219178082192 0.0154109589041096 0.0171232876712329 0.0256849315068493
0.0308219178082192 0.00171232876712329 0.00342465753424658 0.00684931506849315 0.00856164383561644 0.00342465753424658 0.00856164383561644 0.00342465753424658 0.00513698630136986
0.00342465753424658 0 0.0154109589041096 0.0171232876712329 0.00513698630136986 0.00684931506849315 0.0171232876712329 0.00856164383561644 0.00171232876712329
0 0.190068493150685 0.00171232876712329 0.0102739726027397 0.0205479452054795 0.00171232876712329 0.00856164383561644 0.0291095890410959 0
0.00342465753424658 0.00171232876712329 0.00342465753424658 0.00342465753424658 0.00342465753424658 0.0188356164383562 0.00513698630136986 0.00684931506849315 0
0.00342465753424658 0 0.0102739726027397 0.0154109589041096 0.0102739726027397 0.00684931506849315 0.00342465753424658 0.00856164383561644 0
0.00684931506849315 0 0.00856164383561644 0.0171232876712329 0.0102739726027397 0.023972602739726 0.0102739726027397 0.0188356164383562 0
0.00684931506849315 0 0.0171232876712329 0.00856164383561644 0.0136986301369863 0.0102739726027397 0.00856164383561644 0.0171232876712329 0.00856164383561644
0.00513698630136986 0 0.0188356164383562 0.0205479452054795 0.0154109589041096 0.0188356164383562 0.0273972602739726 0.0188356164383562 0.0462328767123288
0.00171232876712329 0 0.00513698630136986 0.00342465753424658 0.00342465753424658 0.00513698630136986 0.00513698630136986 0.00171232876712329 0.00342465753424658
0.00513698630136986 0 0.0154109589041096 0.00513698630136986 0.00513698630136986 0.00171232876712329 0.0102739726027397 0.00342465753424658 0.00684931506849315
