0.0127118644067797 0.0169491525423729 0.0127118644067797 0.0338983050847458 0.0169491525423729 0.0211864406779661 0.00423728813559322 0.0338983050847458 0
0.00423728813559322 0 0.00423728813559322 0.00423728813559322 0 0 0.00423728813559322 0.00847457627118644 0
0 0 0.00423728813559322 0.0296610169491525 0 0.0127118644067797 0 0.0169491525423729 0
0.00847457627118644 0 0 0.0296610169491525 0.00423728813559322 0 0.00847457627118644 0.0211864406779661 0
0.0466101694915254 0.00423728813559322 0.0423728813559322 0.0127118644067797 0.00423728813559322 0.0127118644067797 0.00847457627118644 0.0169491525423729 0.0296610169491525
0.00423728813559322 0 0 0.00847457627118644 0.0254237288135593 0.0211864406779661 0.00423728813559322 0.00423728813559322 0
0.00423728813559322 0 0.0211864406779661 0 0.0211864406779661 0.00423728813559322 0.0211864406779661 0.00423728813559322 0
0.0127118644067797 0 0.0127118644067797 0 0.0296610169491525 0.0296610169491525 0.00847457627118644 0.00847457627118644 0.0254237288135593
0.00847457627118644 0 0.0127118644067797 0.0254237288135593 0.0211864406779661 0 0.0169491525423729 0.00847457627118644 0
0.00847457627118644 0.0211864406779661 0 0.0296610169491525 0.0211864406779661 0.0296610169491525 0.038135593220339 0.0254237288135593 0.152542372881356
0.0127118644067797 0.0211864406779661 0.0254237288135593 0.00423728813559322 0 0.00423728813559322 0.00423728813559322 0 0.0423728813559322
0.00423728813559322 0 0.00423728813559322 0.0338983050847458 0.0169491525423729 0.00847457627118644 0.0211864406779661 0.00423728813559322 0
0 0 0.00423728813559322 0.0338983050847458 0.00847457627118644 0.0127118644067797 0 0.0169491525423729 0
0 0.00847457627118644 0 0.0169491525423729 0 0.0127118644067797 0.0296610169491525 0.00423728813559322 0
0.0593220338983051 0.161016949152542 0.038135593220339 0.0169491525423729 0.076271186440678 0.038135593220339 0.0677966101694915 0.00847457627118644 0
0.0169491525423729 0.00847457627118644 0.00847457627118644 0.0127118644067797 0.0127118644067797 0.0338983050847458 0.0338983050847458 0.0338983050847458 0
0.0127118644067797 0.0338983050847458 0.00847457627118644 0.0169491525423729 0.0127118644067797 0.0466101694915254 0.0169491525423729 0.0211864406779661 0
0.00423728813559322 0.0127118644067797 0.00423728813559322 0 0.0169491525423729 0.0296610169491525 0.0211864406779661 0.0254237288135593 0.0508474576271186
0 0 0.0211864406779661 0.00423728813559322 0.0169491525423729 0.00423728813559322 0 0.00847457627118644 0
0.101694915254237 0.0338983050847458 0.0974576271186441 0.00847457627118644 0.0169491525423729 0 0.0127118644067797 0.0508474576271186 0.0211864406779661
