0.00490730643402399 0.00054525627044711 0.00708833151581243 0.00381679389312977 0.00708833151581243 0.00708833151581243 0.00817884405670665 0.00981461286804798 0.00327153762268266
0.00054525627044711 0 0.00054525627044711 0.00163576881134133 0.00109051254089422 0.00163576881134133 0.00054525627044711 0.00327153762268266 0
0.0103598691384951 0.00381679389312977 0.00436205016357688 0.00817884405670665 0.00599781897491821 0.00436205016357688 0.00109051254089422 0.00109051254089422 0.00163576881134133
0.00599781897491821 0.0676117775354417 0.00272628135223555 0.00926935659760087 0.00272628135223555 0.00272628135223555 0.00218102508178844 0.00436205016357688 0.00054525627044711
0.00708833151581243 0.00218102508178844 0.0103598691384951 0.0054525627044711 0.00708833151581243 0.0054525627044711 0.00708833151581243 0.00436205016357688 0.0239912758996728
0.00218102508178844 0.00054525627044711 0.00327153762268266 0.0103598691384951 0.00763358778625954 0.00763358778625954 0.00381679389312977 0.00599781897491821 0.00054525627044711
0.00272628135223555 0 0.00218102508178844 0.00163576881134133 0.00272628135223555 0.00272628135223555 0.00327153762268266 0.00054525627044711 0
0.00490730643402399 0.00109051254089422 0.00763358778625954 0.00327153762268266 0.00926935659760087 0.00763358778625954 0.00763358778625954 0.00654307524536532 0.00436205016357688
0.00381679389312977 0 0.00109051254089422 0.00599781897491821 0.00218102508178844 0.00272628135223555 0.00327153762268266 0.00272628135223555 0.00054525627044711
0.00654307524536532 0.00109051254089422 0.0136314067611778 0.0130861504907306 0.0141766630316249 0.00926935659760087 0.0103598691384951 0.00654307524536532 0.02453653217012
0.00817884405670665 0.00054525627044711 0.00381679389312977 0.00109051254089422 0.00327153762268266 0.00381679389312977 0.00109051254089422 0.00163576881134133 0.00599781897491821
0.00490730643402399 0.00054525627044711 0.00599781897491821 0.00272628135223555 0.00381679389312977 0.00599781897491821 0.00272628135223555 0.00272628135223555 0
0 0.00599781897491821 0.00109051254089422 0.00436205016357688 0.00272628135223555 0.00218102508178844 0.00654307524536532 0.00763358778625954 0.00054525627044711
0.00218102508178844 0.00218102508178844 0.00381679389312977 0.00436205016357688 0.00163576881134133 0.00218102508178844 0.00054525627044711 0.00272628135223555 0.00054525627044711
0.00436205016357688 0.00163576881134133 0.00327153762268266 0.00327153762268266 0.0054525627044711 0.00708833151581243 0.0054525627044711 0.00109051254089422 0.00109051254089422
0.00763358778625954 0.00054525627044711 0.00436205016357688 0.00381679389312977 0.00272628135223555 0.00272628135223555 0.00599781897491821 0.0119956379498364 0.00163576881134133
0.0054525627044711 0.00272628135223555 0.00218102508178844 0.00436205016357688 0.00436205016357688 0.00708833151581243 0.00654307524536532 0.0109051254089422 0.00163576881134133
0.00218102508178844 0.00109051254089422 0.00708833151581243 0.00436205016357688 0.00490730643402399 0.00926935659760087 0.00654307524536532 0.00708833151581243 0.00599781897491821
0.00436205016357688 0.00054525627044711 0.00599781897491821 0.00327153762268266 0.00272628135223555 0.00109051254089422 0.00490730643402399 0.00109051254089422 0.00381679389312977
0.00763358778625954 0.00327153762268266 0.0054525627044711 0.00163576881134133 0.00436205016357688 0.00327153762268266 0.00817884405670665 0.00381679389312977 0.0152671755725191
