0.000556483027267668 0.0183639398998331 0.00779076238174736 0.00667779632721202 0.00612131329994435 0.0122426265998887 0.00946021146355036 0.00890372843628269 0.00333889816360601
0.00278241513633834 0 0.000556483027267668 0.00278241513633834 0.00166944908180301 0.00166944908180301 0.00111296605453534 0.00166944908180301 0
0.000556483027267668 0 0.00166944908180301 0.00445186421814135 0.00222593210907067 0.00500834724540901 0.00278241513633834 0.00166944908180301 0
0.00389538119087368 0 0.00111296605453534 0.00946021146355036 0.00222593210907067 0 0.00278241513633834 0.00556483027267668 0
0.0205898720089037 0 0.010016694490818 0.00667779632721202 0.00445186421814135 0.011686143572621 0.00779076238174736 0.00111296605453534 0.00946021146355036
0 0 0.00333889816360601 0.00278241513633834 0.00667779632721202 0.00612131329994435 0.00166944908180301 0.00333889816360601 0
0.00222593210907067 0 0.00278241513633834 0.00445186421814135 0.00389538119087368 0.000556483027267668 0.00612131329994435 0.00278241513633834 0
0.00890372843628269 0 0.00667779632721202 0.00667779632721202 0.011686143572621 0.00445186421814135 0.00779076238174736 0.0139120756816917 0.0511964385086255
0.00111296605453534 0 0.00333889816360601 0.00333889816360601 0.00389538119087368 0.00166944908180301 0.00278241513633834 0.00500834724540901 0
0.0289371174179188 0 0.015025041736227 0.00834724540901502 0.0144685587089594 0.0122426265998887 0.0139120756816917 0.00723427935447969 0.0139120756816917
0.0127991096271564 0 0.00556483027267668 0.00222593210907067 0.00222593210907067 0.00111296605453534 0.00278241513633834 0.00222593210907067 0.00500834724540901
0.00333889816360601 0 0.00445186421814135 0.00389538119087368 0.00166944908180301 0.00166944908180301 0.00500834724540901 0.00333889816360601 0
0.000556483027267668 0.0879243183082916 0.00500834724540901 0.00612131329994435 0.00667779632721202 0.00834724540901502 0.00612131329994435 0.010016694490818 0
0.00222593210907067 0 0.00166944908180301 0.00222593210907067 0.00445186421814135 0.00612131329994435 0.00612131329994435 0.00389538119087368 0
0.00111296605453534 0 0.00278241513633834 0.00166944908180301 0.00723427935447969 0.00111296605453534 0.000556483027267668 0.00333889816360601 0
0.00166944908180301 0 0.00389538119087368 0.0127991096271564 0.00723427935447969 0.0122426265998887 0.00779076238174736 0.0105731775180857 0
0.00333889816360601 0 0.00389538119087368 0.00556483027267668 0.010016694490818 0.00556483027267668 0.00779076238174736 0.00946021146355036 0
0.00612131329994435 0.000556483027267668 0.00890372843628269 0.00946021146355036 0.00667779632721202 0.010016694490818 0.00723427935447969 0.00779076238174736 0.0194769059543684
0.00111296605453534 0 0.00278241513633834 0.00556483027267668 0.00111296605453534 0.00166944908180301 0.00166944908180301 0.00222593210907067 0.00166944908180301
0.00500834724540901 0 0.0155815247634947 0.00166944908180301 0.00222593210907067 0.00333889816360601 0.00556483027267668 0.00278241513633834 0.00278241513633834
