0 0 0 0.00710900473933649 0.004739336492891 0.00710900473933649 0.00947867298578199 0 0
0 0 0 0 0.0023696682464455 0.0023696682464455 0 0 0
0 0 0.0213270142180095 0.004739336492891 0 0.0023696682464455 0.0023696682464455 0 0
0 0 0 0.00947867298578199 0.0023696682464455 0 0 0.0023696682464455 0
0.00947867298578199 0.0118483412322275 0 0 0 0.0023696682464455 0 0.004739336492891 0.023696682464455
0 0 0 0.0023696682464455 0.0023696682464455 0.004739336492891 0.004739336492891 0 0
0 0 0 0 0.0023696682464455 0 0 0 0
0.0023696682464455 0 0 0 0 0 0.0023696682464455 0.0023696682464455 0.004739336492891
0 0 0 0 0.0023696682464455 0 0 0.0023696682464455 0
0.0023696682464455 0.0023696682464455 0 0.0023696682464455 0.004739336492891 0 0.0023696682464455 0.0165876777251185 0.014218009478673
0 0.004739336492891 0.004739336492891 0 0.0023696682464455 0 0 0 0
0.0023696682464455 0 0.0023696682464455 0 0.0023696682464455 0.0023696682464455 0 0 0
0 0 0.00947867298578199 0.004739336492891 0 0.0023696682464455 0.004739336492891 0.0023696682464455 0
0.0023696682464455 0 0 0 0.0023696682464455 0.004739336492891 0 0 0
0.0023696682464455 0.0023696682464455 0 0 0 0 0 0 0
0.0023696682464455 0 0 0.0023696682464455 0.0023696682464455 0.00710900473933649 0 0.0023696682464455 0
0 0 0 0.00710900473933649 0.0023696682464455 0.00710900473933649 0.004739336492891 0 0
0 0.0023696682464455 0 0 0.00710900473933649 0 0.00710900473933649 0.0023696682464455 0
0.004739336492891 0.004739336492891 0.004739336492891 0.0023696682464455 0 0 0 0 0
0.014218009478673 0.014218009478673 0 0 0.0023696682464455 0 0.004739336492891 0.00710900473933649 0
