0.0161725067385445 0.00134770889487871 0.0215633423180593 0.00808625336927224 0.0148247978436658 0.0134770889487871 0.0188679245283019 0.00673854447439353 0.0256064690026954
0.00134770889487871 0.00134770889487871 0 0.00269541778975741 0.00269541778975741 0.00404312668463612 0.00943396226415094 0.00269541778975741 0.00134770889487871
0.00269541778975741 0 0.0202156334231806 0.0242587601078167 0.0148247978436658 0.0107816711590297 0.00404312668463612 0.00404312668463612 0
0.00539083557951483 0.00134770889487871 0.00539083557951483 0.0377358490566038 0.00673854447439353 0.00943396226415094 0.00269541778975741 0.0148247978436658 0
0.0283018867924528 0.00269541778975741 0.0148247978436658 0.00269541778975741 0.00269541778975741 0.00943396226415094 0.0202156334231806 0.0148247978436658 0.00404312668463612
0.0256064690026954 0.00134770889487871 0.0215633423180593 0.0269541778975741 0.0242587601078167 0.0161725067385445 0.0107816711590297 0.0215633423180593 0.00134770889487871
0.00404312668463612 0.00134770889487871 0.00134770889487871 0.00269541778975741 0.00404312668463612 0.00808625336927224 0.0134770889487871 0.0107816711590297 0
0.00539083557951483 0.0134770889487871 0.00404312668463612 0.00673854447439353 0.0107816711590297 0.0283018867924528 0.0188679245283019 0.00269541778975741 0.0256064690026954
0.0175202156334232 0 0.00404312668463612 0.00808625336927224 0.00134770889487871 0.00404312668463612 0.00269541778975741 0.00404312668463612 0
0.0107816711590297 0.0862533692722372 0.022911051212938 0.00943396226415094 0.0134770889487871 0.022911051212938 0.00808625336927224 0.0134770889487871 0.0512129380053908
0.00808625336927224 0.0377358490566038 0.00673854447439353 0.00269541778975741 0.00404312668463612 0.00673854447439353 0.00404312668463612 0.00404312668463612 0.00269541778975741
0.00673854447439353 0 0.00808625336927224 0.00943396226415094 0.00673854447439353 0.00134770889487871 0.00539083557951483 0.00808625336927224 0
0 0 0.00943396226415094 0.0148247978436658 0.0134770889487871 0.00404312668463612 0.0175202156334232 0.0107816711590297 0
0.00404312668463612 0.0202156334231806 0.00808625336927224 0.0107816711590297 0.00539083557951483 0.00404312668463612 0.00808625336927224 0.00539083557951483 0.00269541778975741
0.00404312668463612 0 0.00134770889487871 0.00673854447439353 0.00539083557951483 0.00404312668463612 0.00269541778975741 0.00673854447439353 0
0.0202156334231806 0.00269541778975741 0.00539083557951483 0.00808625336927224 0.0134770889487871 0.0134770889487871 0.00673854447439353 0.0107816711590297 0.00404312668463612
0.00808625336927224 0.0134770889487871 0.00539083557951483 0.00134770889487871 0.00673854447439353 0.00808625336927224 0.0107816711590297 0.0175202156334232 0.0121293800539084
0.00673854447439353 0.0121293800539084 0.00404312668463612 0.00269541778975741 0.0121293800539084 0.0134770889487871 0.00673854447439353 0.0121293800539084 0.0592991913746631
0.00943396226415094 0 0.00673854447439353 0.00808625336927224 0.0148247978436658 0.00539083557951483 0.00943396226415094 0.00673854447439353 0.00269541778975741
0.0107816711590297 0 0.0242587601078167 0.00134770889487871 0.0175202156334232 0.00808625336927224 0.0148247978436658 0.0175202156334232 0.00269541778975741
