0 0 0 0 0.0256410256410256 0.0256410256410256 0 0 0
0 0 0 0 0 0 0 0 0
0 0 0 0.0256410256410256 0 0 0 0 0
0 0 0 0.0512820512820513 0 0 0 0.0512820512820513 0
0 0 0 0 0 0 0 0 0.0769230769230769
0.0256410256410256 0 0 0 0 0 0 0 0
0 0 0 0 0 0 0 0 0
0.0256410256410256 0 0 0 0 0.0769230769230769 0 0 0
0.0769230769230769 0 0.0512820512820513 0.0256410256410256 0 0 0.0256410256410256 0 0
0 0 0 0 0 0 0 0 0
0 0 0 0 0 0 0 0 0
0 0 0 0.0256410256410256 0 0 0 0 0
0 0 0 0 0 0 0 0 0
0 0 0 0 0 0 0.0256410256410256 0 0
0 0 0 0 0 0 0 0.0256410256410256 0
0 0.0512820512820513 0 0 0 0 0.0256410256410256 0 0
0 0.0769230769230769 0.0512820512820513 0 0 0 0 0.0256410256410256 0
0 0 0.0256410256410256 0 0.102564102564103 0.0256410256410256 0 0 0
0 0 0 0 0 0 0 0 0.0512820512820513
0 0 0 0 0 0 0.0512820512820513 0.0256410256410256 0
