0.055793991416309 0 0.0150214592274678 0.0321888412017167 0.00858369098712446 0.0171673819742489 0.00643776824034335 0.0278969957081545 0.0386266094420601
0.00214592274678112 0 0 0 0.00643776824034335 0.0128755364806867 0.01931330472103 0.00858369098712446 0.00214592274678112
0 0.055793991416309 0.0107296137339056 0.0236051502145923 0.0128755364806867 0.0128755364806867 0.00858369098712446 0.00643776824034335 0
0.00643776824034335 0.246781115879828 0.00429184549356223 0.01931330472103 0.0128755364806867 0.0107296137339056 0.0150214592274678 0.0214592274678112 0
0.0107296137339056 0 0.0214592274678112 0.00214592274678112 0.00858369098712446 0.01931330472103 0.0150214592274678 0.0150214592274678 0.0236051502145923
0.0343347639484979 0 0.0128755364806867 0.0150214592274678 0.0171673819742489 0.0171673819742489 0.0128755364806867 0.00858369098712446 0.00429184549356223
0.0128755364806867 0 0.00643776824034335 0.00429184549356223 0.00643776824034335 0.00429184549356223 0.00429184549356223 0.00858369098712446 0
0.0128755364806867 0.00214592274678112 0.0214592274678112 0.0107296137339056 0.0300429184549356 0.00858369098712446 0.01931330472103 0.0128755364806867 0.0343347639484979
0.0257510729613734 0 0.0107296137339056 0.0150214592274678 0.01931330472103 0.00214592274678112 0.0107296137339056 0.0128755364806867 0
0.0150214592274678 0.00214592274678112 0.0429184549356223 0.0643776824034335 0.0536480686695279 0.0493562231759657 0.0450643776824034 0.0236051502145923 0.124463519313305
0.00858369098712446 0.00214592274678112 0.0171673819742489 0.00858369098712446 0.0128755364806867 0.00858369098712446 0 0.0107296137339056 0.0171673819742489
0.00429184549356223 0 0.0386266094420601 0.00858369098712446 0.0150214592274678 0.0128755364806867 0.0150214592274678 0.0214592274678112 0
0.00214592274678112 0 0.0128755364806867 0.0107296137339056 0.0128755364806867 0.0150214592274678 0.0236051502145923 0.0257510729613734 0
0.00429184549356223 0.00214592274678112 0.0128755364806867 0.0214592274678112 0.00858369098712446 0.00858369098712446 0.00643776824034335 0.00214592274678112 0
0.0300429184549356 0 0.0107296137339056 0.00643776824034335 0.0278969957081545 0.0128755364806867 0.0171673819742489 0.00429184549356223 0
0.0386266094420601 0.00429184549356223 0.0150214592274678 0.0257510729613734 0.0214592274678112 0.0236051502145923 0.0171673819742489 0.0515021459227468 0.00643776824034335
0.01931330472103 0 0.00858369098712446 0.00643776824034335 0.0128755364806867 0.0214592274678112 0.01931330472103 0.01931330472103 0.0300429184549356
0.00858369098712446 0 0.0236051502145923 0.0321888412017167 0.0150214592274678 0.0407725321888412 0.01931330472103 0.0214592274678112 0.0236051502145923
0.00643776824034335 0 0.00858369098712446 0.00214592274678112 0.00214592274678112 0.00643776824034335 0.0107296137339056 0.00429184549356223 0.00429184549356223
0.0171673819742489 0 0.0214592274678112 0.00643776824034335 0.0107296137339056 0.0107296137339056 0.0300429184549356 0.00858369098712446 0.00643776824034335
