0.015625 0.0625 0.0260416666666667 0.015625 0.046875 0.0520833333333333 0.0104166666666667 0.0520833333333333 0
0 0 0.00520833333333333 0.00520833333333333 0.00520833333333333 0 0 0.0104166666666667 0
0 0 0.00520833333333333 0.0572916666666667 0.0104166666666667 0.0104166666666667 0 0.00520833333333333 0
0 0 0 0.0520833333333333 0.0208333333333333 0.0104166666666667 0 0.0416666666666667 0
0.03125 0 0.0572916666666667 0.00520833333333333 0.0364583333333333 0.03125 0.0260416666666667 0.0416666666666667 0.078125
0 0 0.00520833333333333 0.046875 0.015625 0.0104166666666667 0.015625 0 0
0.00520833333333333 0 0.0208333333333333 0 0.0208333333333333 0.00520833333333333 0.0208333333333333 0.00520833333333333 0
0.0260416666666667 0.0520833333333333 0.0520833333333333 0 0.046875 0.0208333333333333 0.0104166666666667 0.015625 0.0260416666666667
0.109375 0 0 0.0208333333333333 0.0104166666666667 0.00520833333333333 0.015625 0.015625 0
0.0104166666666667 0.0104166666666667 0.03125 0.00520833333333333 0.0104166666666667 0.03125 0.130208333333333 0.0364583333333333 0.145833333333333
0.015625 0.0104166666666667 0.0364583333333333 0.00520833333333333 0.00520833333333333 0.0208333333333333 0.03125 0.0208333333333333 0.0364583333333333
0 0.00520833333333333 0.0572916666666667 0.0208333333333333 0.0104166666666667 0.0104166666666667 0.0104166666666667 0 0
0 0 0.00520833333333333 0.0625 0.0208333333333333 0.046875 0.0104166666666667 0.0208333333333333 0
0 0 0.00520833333333333 0.03125 0.00520833333333333 0.00520833333333333 0.015625 0.0208333333333333 0
0.0989583333333333 0 0.0104166666666667 0.03125 0.0364583333333333 0.0260416666666667 0.015625 0.0208333333333333 0
0.0104166666666667 0.119791666666667 0.0260416666666667 0.0208333333333333 0.015625 0.0520833333333333 0.03125 0.015625 0
0.0208333333333333 0.104166666666667 0.015625 0.0104166666666667 0.0260416666666667 0.03125 0.0208333333333333 0.015625 0
0.0104166666666667 0.0520833333333333 0.015625 0.015625 0.0520833333333333 0.0260416666666667 0.015625 0.0260416666666667 0.130208333333333
0.00520833333333333 0 0 0 0.00520833333333333 0 0 0 0
0.0572916666666667 0 0.0416666666666667 0.0104166666666667 0.015625 0.0208333333333333 0.0364583333333333 0.0520833333333333 0
