0.15 0 0.1 0.15 0.05 0.075 0.1 0.05 0.05
0 0 0.025 0 0 0 0.025 0 0
0 0 0 0.025 0 0 0 0.05 0
0 0 0.025 0.05 0.025 0.025 0.025 0.025 0
0 0 0.025 0.075 0.125 0.025 0.025 0.025 0.05
0.05 0 0.025 0.025 0 0.05 0.05 0.025 0
0 0 0 0.05 0.025 0.025 0.025 0.025 0
0.05 0 0.1 0.05 0.05 0.1 0 0.025 0.075
0 0 0 0 0 0 0.025 0.025 0
0.175 0 0.05 0.125 0 0.15 0 0.025 0.5
0 0 0 0.1 0.05 0.05 0.025 0.1 0.125
0.075 0 0 0.025 0 0.025 0.1 0.025 0
0 0.875 0.025 0.1 0.1 0.075 0.075 0.025 0
0.025 0 0 0.025 0.025 0 0.1 0.05 0
0.175 0 0.375 0 0.1 0.05 0.075 0.15 0
0.1 0 0.075 0 0.025 0.125 0.125 0.1 0
0 0 0 0.025 0.025 0.025 0.075 0.05 0
0.05 0 0.05 0.025 0.025 0.05 0 0.075 0.075
0.025 0 0 0.025 0.175 0 0 0.025 0
0 0 0 0 0.075 0.025 0.025 0 0
