0.024074899687918 0.000445831475702185 0.0138207757467677 0.0102541239411502 0.0147124386981721 0.0147124386981721 0.012037449843959 0.016941596076683 0.00267498885421311
0.00178332590280874 0 0.00267498885421311 0.00356665180561748 0.00267498885421311 0.00490414623272403 0.00222915737851092 0.00222915737851092 0
0.000891662951404369 0.00178332590280874 0.0115916183682568 0.0111457868925546 0.0102541239411502 0.00445831475702185 0.00401248328131966 0.00534997770842621 0
0.00936246098974588 0.156932679447169 0.0124832813196612 0.0142666072224699 0.00668747213553277 0.00847079803834151 0.00802496656263932 0.00847079803834151 0
0.00356665180561748 0.000445831475702185 0.0129291127953634 0.00624164065983058 0.00668747213553277 0.00936246098974588 0.00847079803834151 0.00802496656263932 0.0178332590280874
0.0151582701738743 0 0.00847079803834151 0.0164957646009808 0.0209540793580027 0.0129291127953634 0.0142666072224699 0.0115916183682568 0
0.00356665180561748 0.000445831475702185 0.0057958091841284 0.00356665180561748 0.0057958091841284 0.00847079803834151 0.00534997770842621 0.00133749442710655 0
0.00802496656263932 0 0.0133749442710655 0.0057958091841284 0.012037449843959 0.0111457868925546 0.0138207757467677 0.0102541239411502 0.0222915737851092
0.00847079803834151 0 0.00534997770842621 0.0102541239411502 0.00312082032991529 0.0057958091841284 0.00222915737851092 0.00668747213553277 0.000445831475702185
0.0160499331252786 0.000445831475702185 0.0147124386981721 0.0182790905037896 0.016941596076683 0.0196165849308961 0.0249665626393223 0.0156041016495765 0.0962995987516719
0.00668747213553277 0.000445831475702185 0.00847079803834151 0.00178332590280874 0.00668747213553277 0.00624164065983058 0.00312082032991529 0.00356665180561748 0.0115916183682568
0.00445831475702185 0 0.00936246098974588 0.00802496656263932 0.0106999554168524 0.0111457868925546 0.00713330361123495 0.00356665180561748 0
0.00133749442710655 0.000445831475702185 0.00222915737851092 0.00802496656263932 0.00802496656263932 0.00534997770842621 0.00757913508693714 0.0124832813196612 0.00222915737851092
0.00490414623272403 0.00847079803834151 0.00401248328131966 0.00891662951404369 0.00534997770842621 0.00356665180561748 0.0057958091841284 0.00267498885421311 0
0.0191707534551939 0.000445831475702185 0.00222915737851092 0.00757913508693714 0.00445831475702185 0.00936246098974588 0.00445831475702185 0.00534997770842621 0
0.0147124386981721 0.00178332590280874 0.00980829246544806 0.0115916183682568 0.012037449843959 0.00802496656263932 0.00757913508693714 0.0129291127953634 0.000445831475702185
0.00980829246544806 0.000445831475702185 0.0133749442710655 0.00936246098974588 0.00757913508693714 0.00980829246544806 0.0164957646009808 0.016941596076683 0.00133749442710655
0.00847079803834151 0 0.0124832813196612 0.0106999554168524 0.0115916183682568 0.00980829246544806 0.012037449843959 0.0187249219794918 0.0164957646009808
0.00356665180561748 0 0.00267498885421311 0.00267498885421311 0.00222915737851092 0.00178332590280874 0.00624164065983058 0.00401248328131966 0
0.00847079803834151 0 0.00668747213553277 0.00401248328131966 0.00401248328131966 0.00757913508693714 0.00668747213553277 0.0057958091841284 0.000891662951404369
