0.0178571428571429 0.0892857142857143 0.0892857142857143 0.0357142857142857 0.0892857142857143 0.0535714285714286 0.0535714285714286 0.0535714285714286 0
0.0178571428571429 0 0 0 0 0 0 0 0
0 0 0 0.0892857142857143 0.0357142857142857 0.0357142857142857 0.0178571428571429 0.0178571428571429 0
0.0357142857142857 0.0178571428571429 0 0.0535714285714286 0 0 0.0178571428571429 0.0178571428571429 0
0.107142857142857 0 0.285714285714286 0.0714285714285714 0.0535714285714286 0.0892857142857143 0.0535714285714286 0.0892857142857143 0.214285714285714
0.0178571428571429 0 0 0.125 0.125 0.107142857142857 0 0.0357142857142857 0
0 0 0 0.0357142857142857 0.0714285714285714 0 0.142857142857143 0.0178571428571429 0
0 0.0178571428571429 0.125 0.0357142857142857 0.0892857142857143 0.0178571428571429 0.0178571428571429 0.0178571428571429 0.107142857142857
0.0178571428571429 0 0 0.0714285714285714 0 0 0 0.0178571428571429 0.0178571428571429
0.0178571428571429 0.0357142857142857 0.0178571428571429 0.0357142857142857 0.0892857142857143 0.0892857142857143 0.125 0.0178571428571429 0.232142857142857
0.303571428571429 0.0357142857142857 0.160714285714286 0.0178571428571429 0.0357142857142857 0.0535714285714286 0 0.0357142857142857 0.125
0 0 0 0.0535714285714286 0.0178571428571429 0.0714285714285714 0 0 0
0 0.160714285714286 0.0178571428571429 0.0714285714285714 0.0535714285714286 0.0357142857142857 0.107142857142857 0.25 0
0 0.0535714285714286 0 0.0357142857142857 0 0.0178571428571429 0.0357142857142857 0.0178571428571429 0
0.0892857142857143 0.0178571428571429 0 0.0357142857142857 0.0357142857142857 0.0714285714285714 0 0.0535714285714286 0.0714285714285714
0.0178571428571429 0.0892857142857143 0.0178571428571429 0.0714285714285714 0.0714285714285714 0.0714285714285714 0.142857142857143 0.0892857142857143 0
0.0357142857142857 0.321428571428571 0.0178571428571429 0.0714285714285714 0.0892857142857143 0.196428571428571 0.0714285714285714 0.107142857142857 0
0 0.0892857142857143 0.0178571428571429 0.0178571428571429 0.0178571428571429 0 0.0357142857142857 0.0178571428571429 0.0714285714285714
0.0178571428571429 0 0.0178571428571429 0 0.0535714285714286 0.0178571428571429 0.0535714285714286 0 0
0.25 0.0178571428571429 0.178571428571429 0.0178571428571429 0.0178571428571429 0.0178571428571429 0.0714285714285714 0.0892857142857143 0.107142857142857
