0 0 0 0.0102040816326531 0 0.0102040816326531 0 0.0204081632653061 0.0408163265306122
0 0 0 0 0 0 0 0.0102040816326531 0
0 0 0 0 0 0 0 0 0
0 0.0306122448979592 0 0 0 0 0 0 0
0.0204081632653061 0 0.0204081632653061 0.0102040816326531 0.0204081632653061 0.0102040816326531 0.0204081632653061 0 0
0 0 0 0.0204081632653061 0.0102040816326531 0.0102040816326531 0 0 0
0 0 0.0204081632653061 0.0102040816326531 0 0 0 0 0
0.0102040816326531 0 0 0 0.0306122448979592 0 0 0 0.0102040816326531
0.0102040816326531 0 0 0.0204081632653061 0 0 0 0.0102040816326531 0
0 0 0 0 0.0102040816326531 0 0.0204081632653061 0 0.0306122448979592
0.0102040816326531 0 0.0102040816326531 0.0102040816326531 0 0 0 0 0.0102040816326531
0.0306122448979592 0 0 0.0102040816326531 0 0 0 0 0
0 0.0102040816326531 0 0 0 0 0.0204081632653061 0.0204081632653061 0.0102040816326531
0 0 0 0 0 0.0204081632653061 0.0102040816326531 0.0102040816326531 0
0.0102040816326531 0.0816326530612245 0 0 0 0.0510204081632653 0.0102040816326531 0.0102040816326531 0
0 0 0 0 0.0204081632653061 0 0 0.0102040816326531 0
0 0 0 0 0 0 0 0.0102040816326531 0
0 0 0 0 0.0306122448979592 0.0102040816326531 0.0102040816326531 0.0204081632653061 0
0.0102040816326531 0 0.0306122448979592 0.0102040816326531 0 0.0102040816326531 0.0102040816326531 0 0
0.0204081632653061 0 0.0408163265306122 0.0204081632653061 0 0 0.0204081632653061 0 0.0204081632653061
