0.00558659217877095 0.0167597765363128 0.00558659217877095 0.0279329608938547 0.0279329608938547 0.0335195530726257 0.00558659217877095 0.0335195530726257 0
0.00558659217877095 0 0.00558659217877095 0.00558659217877095 0 0 0.00558659217877095 0.0111731843575419 0
0 0 0.00558659217877095 0.0446927374301676 0 0.0111731843575419 0 0.00558659217877095 0
0 0 0 0.0335195530726257 0.00558659217877095 0 0.00558659217877095 0.0279329608938547 0
0.0614525139664804 0 0.0614525139664804 0.00558659217877095 0.0111731843575419 0.0111731843575419 0 0.0279329608938547 0.0335195530726257
0.00558659217877095 0 0 0.0111731843575419 0.0279329608938547 0.0167597765363128 0.00558659217877095 0.0111731843575419 0
0.00558659217877095 0 0.0111731843575419 0 0.0279329608938547 0.00558659217877095 0.0279329608938547 0.00558659217877095 0
0.0111731843575419 0.00558659217877095 0.0167597765363128 0 0.0279329608938547 0.0391061452513966 0.0111731843575419 0.0167597765363128 0.0223463687150838
0.0111731843575419 0 0.0223463687150838 0.0391061452513966 0.0335195530726257 0.00558659217877095 0.0223463687150838 0.0111731843575419 0
0.00558659217877095 0.0391061452513966 0.00558659217877095 0.0279329608938547 0.0167597765363128 0.0279329608938547 0.0558659217877095 0.0279329608938547 0.173184357541899
0.0223463687150838 0.0279329608938547 0.0279329608938547 0.0167597765363128 0 0.00558659217877095 0.00558659217877095 0 0.0558659217877095
0.00558659217877095 0 0.0167597765363128 0.0391061452513966 0.0335195530726257 0.0111731843575419 0.0167597765363128 0.00558659217877095 0
0 0 0.00558659217877095 0.0335195530726257 0.00558659217877095 0.00558659217877095 0 0.0223463687150838 0
0 0.00558659217877095 0 0.0223463687150838 0.00558659217877095 0.0167597765363128 0.0670391061452514 0 0
0.0837988826815642 0.173184357541899 0.0391061452513966 0.0279329608938547 0.0726256983240224 0.0502793296089385 0.0670391061452514 0.00558659217877095 0
0.0279329608938547 0.0111731843575419 0.0167597765363128 0.0167597765363128 0.0111731843575419 0.0279329608938547 0.0279329608938547 0.0335195530726257 0
0.0111731843575419 0.0391061452513966 0.00558659217877095 0.00558659217877095 0.00558659217877095 0.0614525139664804 0.0279329608938547 0.0279329608938547 0
0.00558659217877095 0.0223463687150838 0.0111731843575419 0.00558659217877095 0.0223463687150838 0.0391061452513966 0.0167597765363128 0.0279329608938547 0.0837988826815642
0.00558659217877095 0 0.0111731843575419 0.00558659217877095 0.0223463687150838 0.00558659217877095 0 0.0111731843575419 0
0.106145251396648 0.0391061452513966 0.111731843575419 0.0111731843575419 0.0223463687150838 0.00558659217877095 0.0111731843575419 0.0670391061452514 0.0111731843575419
