0.00854092526690392 0.00569395017793594 0.0277580071174377 0.0142348754448399 0.0135231316725979 0.0120996441281139 0.0163701067615658 0.0362989323843416 0.00213523131672598
0.000711743772241993 0 0.000711743772241993 0.00355871886120996 0.00142348754448399 0 0.00355871886120996 0.00284697508896797 0
0.000711743772241993 0 0.0177935943060498 0.0106761565836299 0.00782918149466192 0.00498220640569395 0.00213523131672598 0.00213523131672598 0
0.00711743772241993 0.0120996441281139 0.0156583629893238 0.0185053380782918 0.00640569395017794 0.00213523131672598 0.00427046263345196 0.00711743772241993 0
0.0291814946619217 0.000711743772241993 0.0142348754448399 0.00782918149466192 0.0099644128113879 0.00782918149466192 0.00782918149466192 0.00213523131672598 0.0142348754448399
0.00498220640569395 0.000711743772241993 0.00569395017793594 0.0213523131672598 0.0199288256227758 0.0135231316725979 0.00355871886120996 0.00498220640569395 0
0.0128113879003559 0.0448398576512456 0.00427046263345196 0.00213523131672598 0.00854092526690392 0.00427046263345196 0.0149466192170819 0.000711743772241993 0.000711743772241993
0.00498220640569395 0.00284697508896797 0.00782918149466192 0.00640569395017794 0.0128113879003559 0.00782918149466192 0.0106761565836299 0.0106761565836299 0.00854092526690392
0.00427046263345196 0.00498220640569395 0.00213523131672598 0.00569395017793594 0.00355871886120996 0.00640569395017794 0.00284697508896797 0.00355871886120996 0
0.00711743772241993 0.00427046263345196 0.0120996441281139 0.00925266903914591 0.0135231316725979 0.00569395017793594 0.0142348754448399 0.00925266903914591 0.131672597864769
0.0106761565836299 0.00498220640569395 0.0120996441281139 0.00355871886120996 0.00427046263345196 0.00569395017793594 0.00355871886120996 0.00142348754448399 0.00640569395017794
0.00427046263345196 0.000711743772241993 0.00355871886120996 0.00569395017793594 0.0099644128113879 0.0120996441281139 0.0113879003558719 0.00427046263345196 0
0 0.0206405693950178 0.000711743772241993 0.0128113879003559 0.00640569395017794 0.0113879003558719 0.00925266903914591 0.0199288256227758 0
0.00427046263345196 0.0277580071174377 0.00284697508896797 0.00569395017793594 0.00427046263345196 0.00427046263345196 0.00854092526690392 0.00355871886120996 0
0.00854092526690392 0.0320284697508897 0.00640569395017794 0.0106761565836299 0.00640569395017794 0.0156583629893238 0.00569395017793594 0.00427046263345196 0
0.0170818505338078 0.00498220640569395 0.00854092526690392 0.0099644128113879 0.00925266903914591 0.0177935943060498 0.0142348754448399 0.0149466192170819 0
0.0128113879003559 0.00284697508896797 0.00569395017793594 0.00782918149466192 0.0135231316725979 0.0206405693950178 0.00925266903914591 0.0185053380782918 0.000711743772241993
0.00213523131672598 0.00355871886120996 0.00925266903914591 0.0128113879003559 0.0120996441281139 0.0156583629893238 0.0199288256227758 0.0241992882562278 0.0099644128113879
0.0099644128113879 0.000711743772241993 0.00498220640569395 0.00427046263345196 0.00569395017793594 0.00427046263345196 0.00427046263345196 0.000711743772241993 0.000711743772241993
0.0256227758007117 0.00142348754448399 0.0135231316725979 0.00284697508896797 0.00640569395017794 0.00355871886120996 0.00925266903914591 0.00427046263345196 0.000711743772241993
