0.0085 0.0385 0.0115 0.0145 0.0145 0.0075 0.0145 0.006 0
0.001 0.001 0 0.001 0.0015 0.002 0.001 0.0015 0
0 0 0.0035 0.0035 0.006 0.0125 0.0025 0.009 0
0.002 0 5e-04 0.0065 0.012 0.008 0.0065 0.011 0
0.0015 5e-04 0.014 0.003 0.0065 0.005 0.0085 0.007 0.0355
0.007 0.008 0.007 0.0175 0.006 0.016 0.0065 0.008 0
0.0055 0 5e-04 0.0045 0.0015 0.007 0.0125 0.005 0
0.023 0.001 0.0145 0.0075 0.015 0.0085 0.0045 0.0045 0.0025
0.0305 5e-04 0.0065 0.008 0.0025 0.0025 0.006 0.005 0
0.0125 0.0035 0.0135 0.011 0.0115 0.013 0.015 0.013 0.0095
0.0075 0.0015 0.0095 0.0045 0.0035 0.005 0.005 0.0045 0.006
5e-04 5e-04 0.004 0.0055 0.006 0.0055 0.0085 0.0025 0
0.0015 0.0015 0.001 0.0215 0.008 0.0075 0.006 0.005 0
0.0015 0.002 0.004 0.0075 0.0045 0.0035 0.0085 0.014 0
0.0195 0 0.0115 0.009 0.0055 0.006 0.008 0.011 5e-04
0.004 0.038 0.013 0.01 0.012 0.007 0.004 0.013 0
0.0065 0.0445 0.0085 0.007 0.008 0.012 0.009 0.0155 5e-04
0.0085 0.012 0.0105 0.0085 0.0205 0.0095 0.009 0.011 0.0025
0.005 0 0.011 0.001 0.0045 0.008 0.0105 0.0025 0.076
0.007 0 0.0085 0.0015 0.0035 0.007 0.007 0.004 0.02
