0 0.00254452926208651 0 0 0 0 0.00636132315521628 0.0114503816793893 0
0 0 0 0 0 0 0 0 0
0.00127226463104326 0 0 0 0 0 0 0 0
0.00127226463104326 0 0 0.00254452926208651 0 0 0.00636132315521628 0.00127226463104326 0
0.00763358778625954 0.00127226463104326 0 0 0 0.0101781170483461 0.00381679389312977 0.00254452926208651 0.0114503816793893
0 0 0 0 0 0.00254452926208651 0 0.00381679389312977 0
0.00254452926208651 0 0 0 0 0 0.00254452926208651 0.00127226463104326 0
0.00127226463104326 0 0.00127226463104326 0.00127226463104326 0 0.00381679389312977 0 0 0.00381679389312977
0 0 0.0241730279898219 0.00636132315521628 0.00636132315521628 0.00254452926208651 0 0 0
0.00127226463104326 0.0165394402035623 0 0.00254452926208651 0 0.00127226463104326 0.00254452926208651 0 0.0229007633587786
0.00254452926208651 0.0152671755725191 0 0 0 0 0 0.00127226463104326 0
0.00127226463104326 0 0 0.00127226463104326 0 0.00127226463104326 0.00127226463104326 0 0
0 0 0 0.00127226463104326 0 0.00254452926208651 0.00127226463104326 0.00381679389312977 0
0.00254452926208651 0.00127226463104326 0 0 0 0.00254452926208651 0 0 0
0 0 0.0114503816793893 0.0127226463104326 0.0305343511450382 0.00508905852417303 0.00254452926208651 0.00254452926208651 0
0.00127226463104326 0.00127226463104326 0 0.00254452926208651 0 0 0.00127226463104326 0.00254452926208651 0
0.00127226463104326 0 0 0.00254452926208651 0 0.00127226463104326 0.00127226463104326 0.00254452926208651 0
0 0 0 0.00254452926208651 0 0.00127226463104326 0 0.00254452926208651 0
0.00254452926208651 0 0 0.00254452926208651 0 0 0.00254452926208651 0.00254452926208651 0
0.0114503816793893 0 0.00127226463104326 0 0.00127226463104326 0.00381679389312977 0.00636132315521628 0 0
