0.181818181818182 0 0.181818181818182 0.393939393939394 0.181818181818182 0.181818181818182 0.545454545454545 0.181818181818182 0.0303030303030303
0 0 0 0 0 0 0 0 0
0 0 0 0 0 0 0 0 0
0 0 0 0.0303030303030303 0.0303030303030303 0 0 0.0303030303030303 0
0 0 0.0303030303030303 0 0 0 0.0606060606060606 0.0303030303030303 0
0 0 0.0606060606060606 0.0303030303030303 0 0 0 0.0303030303030303 0
0 0 0 0 0 0 0.0303030303030303 0 0
0.0606060606060606 0.0303030303030303 0 0 0 0 0 0 0.0606060606060606
0.0303030303030303 0 0.0606060606060606 0.181818181818182 0.0303030303030303 0.0303030303030303 0 0.0303030303030303 0
0.0606060606060606 0.454545454545455 0 0.0303030303030303 0.0303030303030303 0 0 0 0.0606060606060606
0 0 0 0 0 0 0 0 0
0 0 0 0 0.0303030303030303 0 0 0 0
0 0 0 0 0.0303030303030303 0.0303030303030303 0.0303030303030303 0 0
0 0.0303030303030303 0 0 0 0.333333333333333 0 0 0
0 0 0 0.0303030303030303 0 0 0 0 0
0 0.0303030303030303 0.0303030303030303 0 0 0.0303030303030303 0 0 0
0 0.0606060606060606 0 0 0 0.0303030303030303 0 0.333333333333333 0.0303030303030303
0 0.0909090909090909 0.333333333333333 0 0 0.0606060606060606 0.0303030303030303 0 0.515151515151515
0.0303030303030303 0 0 0 0 0 0 0 0
0.333333333333333 0 0 0 0.363636363636364 0 0 0.0606060606060606 0
