0.00390752197981114 0.00390752197981114 0.0175838489091501 0.00716379029632042 0.00846629762292413 0.00358189514816021 0.0159557147508955 0.0162813415825464 0
0.000325626831650928 0.000325626831650928 0.000651253663301856 0.00162813415825464 0.000651253663301856 0.000976880494952784 0.000976880494952784 0.000976880494952784 0
0.013350700097688 0.000325626831650928 0.000651253663301856 0.0117225659394334 0.00651253663301856 0.00390752197981114 0.00195376098990557 0.000976880494952784 0
0.0280039075219798 0 0.0022793878215565 0.0162813415825464 0.00358189514816021 0.00130250732660371 0.00488440247476392 0.00293064148485835 0
0.00911755128622599 0.00293064148485835 0.00716379029632042 0.00325626831650928 0.00521002930641485 0.00683816346466949 0.00260501465320742 0.00683816346466949 0.0166069684141973
0.00130250732660371 0.000976880494952784 0.000651253663301856 0.0107456854444806 0.0081406707912732 0.00748941712797134 0.00879192445457506 0.0123738196027353 0.000325626831650928
0.00423314881146206 0.000325626831650928 0.00390752197981114 0.00130250732660371 0.0058612829697167 0.00130250732660371 0.00455877564311299 0.00162813415825464 0.000976880494952784
0.00455877564311299 0.0117225659394334 0.0205144903940085 0.00130250732660371 0.00683816346466949 0.0107456854444806 0.00683816346466949 0.0022793878215565 0.00423314881146206
0.000325626831650928 0 0.00651253663301856 0.0104200586128297 0.00293064148485835 0.00162813415825464 0.00390752197981114 0.00195376098990557 0.000325626831650928
0.00358189514816021 0.00846629762292413 0.00358189514816021 0.00488440247476392 0.00651253663301856 0.0175838489091501 0.0120481927710843 0.0104200586128297 0.0100944317811788
0.00293064148485835 0.000651253663301856 0.00358189514816021 0.000651253663301856 0.00455877564311299 0.0100944317811788 0.00325626831650928 0.00260501465320742 0.0149788342559427
0.00260501465320742 0 0.0022793878215565 0.00748941712797134 0.00748941712797134 0.0058612829697167 0.00618690980136763 0.00358189514816021 0
0 0.00162813415825464 0.00488440247476392 0.00618690980136763 0.00293064148485835 0.000976880494952784 0.00553565613806578 0.0058612829697167 0
0.00162813415825464 0.00162813415825464 0.00162813415825464 0.00358189514816021 0.00325626831650928 0.000325626831650928 0.00455877564311299 0.00358189514816021 0
0.000976880494952784 0.000325626831650928 0.00455877564311299 0.00553565613806578 0.00488440247476392 0.00390752197981114 0.00390752197981114 0.00748941712797134 0.000325626831650928
0.0081406707912732 0.00553565613806578 0.0058612829697167 0.00390752197981114 0.00521002930641485 0.00781504395962227 0.0100944317811788 0.0120481927710843 0.000325626831650928
0.00748941712797134 0.036144578313253 0.00358189514816021 0.00521002930641485 0.00748941712797134 0.00748941712797134 0.00488440247476392 0.00553565613806578 0
0.00162813415825464 0.0306089221751872 0.0130250732660371 0.00130250732660371 0.00748941712797134 0.00781504395962227 0.0022793878215565 0.00390752197981114 0.00423314881146206
0.0022793878215565 0 0.000325626831650928 0.0022793878215565 0.00455877564311299 0.00260501465320742 0.00260501465320742 0.00195376098990557 0.000651253663301856
0.0113969391077825 0.0022793878215565 0.00455877564311299 0.00293064148485835 0.00521002930641485 0.00553565613806578 0.00195376098990557 0.00455877564311299 0.0547053077173559
