0.0769230769230769 0 0 0 0.0769230769230769 0.0769230769230769 0.0769230769230769 0 0
0.0769230769230769 0 0.0769230769230769 0.0769230769230769 0 0.0769230769230769 0.230769230769231 0 0.0769230769230769
0 0 0.153846153846154 0 0.230769230769231 0 0 0 0
0 0.0769230769230769 0 0 0.0769230769230769 0 0 0.0769230769230769 0
0.0769230769230769 0 0 0.153846153846154 0.0769230769230769 0.0769230769230769 0 0.0769230769230769 0
0.153846153846154 0 0 0.0769230769230769 0 0 0 0 0
0 0 0 0.153846153846154 0 0 0 0.0769230769230769 0.153846153846154
0 0.230769230769231 0 0 0 0.0769230769230769 0.153846153846154 0.0769230769230769 0
0 0.0769230769230769 0 0 0 0 0 0 0.307692307692308
0.0769230769230769 0.0769230769230769 0.0769230769230769 0.0769230769230769 0.153846153846154 0.0769230769230769 0.0769230769230769 0.0769230769230769 0
0 0 0 0 0 0 0 0 0
0 0 0 0.0769230769230769 0 0 0 0.0769230769230769 0
0 0 0.0769230769230769 0 0 0 0 0.0769230769230769 0
0 0.0769230769230769 0 0.0769230769230769 0 0 0 0.0769230769230769 0
0 0 0.0769230769230769 0.0769230769230769 0 0.0769230769230769 0.0769230769230769 0.0769230769230769 0.230769230769231
0.153846153846154 0 0 0 0.0769230769230769 0.153846153846154 0 0 0
0.0769230769230769 0.0769230769230769 0 0 0 0.0769230769230769 0 0 0
0.0769230769230769 0.153846153846154 0.0769230769230769 0 0 0.0769230769230769 0.153846153846154 0 0
0 0 0 0 0 0 0 0 0
0 0 0.230769230769231 0 0.0769230769230769 0 0 0.0769230769230769 0
