0.0434782608695652 0.0434782608695652 0 0.195652173913043 0.0217391304347826 0.108695652173913 0.0217391304347826 0.130434782608696 0
0 0 0 0 0 0.0217391304347826 0 0 0
0 0 0 0.0217391304347826 0 0.0434782608695652 0 0 0
0 0.0869565217391304 0 0.108695652173913 0 0 0.0217391304347826 0 0
0.108695652173913 0 0.0869565217391304 0 0.0434782608695652 0.130434782608696 0.130434782608696 0.0217391304347826 0.239130434782609
0.0217391304347826 0 0 0.130434782608696 0.173913043478261 0.0434782608695652 0.0217391304347826 0.0434782608695652 0
0.0434782608695652 0 0.0217391304347826 0.0217391304347826 0 0 0.0869565217391304 0.0217391304347826 0
0 0 0.0434782608695652 0 0.0869565217391304 0.0434782608695652 0 0.0217391304347826 0.195652173913043
0.0434782608695652 0 0 0.0652173913043478 0 0.0217391304347826 0 0.0217391304347826 0
0.0217391304347826 0.0434782608695652 0.0869565217391304 0.0434782608695652 0.0652173913043478 0.0434782608695652 0.108695652173913 0.0652173913043478 0.282608695652174
0.173913043478261 0.239130434782609 0.239130434782609 0.0217391304347826 0.0217391304347826 0 0.0652173913043478 0.0217391304347826 0.0869565217391304
0 0 0.0217391304347826 0.0217391304347826 0.0217391304347826 0.0217391304347826 0 0.0217391304347826 0
0 0.0652173913043478 0.0217391304347826 0.0869565217391304 0.0217391304347826 0.0434782608695652 0.0869565217391304 0.260869565217391 0
0.0217391304347826 0.282608695652174 0 0 0 0.0217391304347826 0.0217391304347826 0.0434782608695652 0
0.239130434782609 0 0.0652173913043478 0.0652173913043478 0.0869565217391304 0.108695652173913 0.0217391304347826 0.0434782608695652 0
0.0434782608695652 0.0652173913043478 0 0.0652173913043478 0.0217391304347826 0.0869565217391304 0.0652173913043478 0.0652173913043478 0
0 0.0434782608695652 0 0 0.0869565217391304 0.0217391304347826 0.0434782608695652 0.0434782608695652 0
0 0.0217391304347826 0.0217391304347826 0 0.0652173913043478 0.0434782608695652 0.0434782608695652 0.0652173913043478 0.0869565217391304
0 0 0.108695652173913 0.0217391304347826 0.108695652173913 0.0434782608695652 0.108695652173913 0 0
0.130434782608696 0 0.173913043478261 0.0217391304347826 0.0652173913043478 0.0434782608695652 0.0434782608695652 0 0
