0.0190249702734839 0.00475624256837099 0.0481569560047562 0.0130796670630202 0.0101070154577883 0.00951248513674197 0.0166468489892985 0.0172413793103448 0.00118906064209275
0.00416171224732461 0.00356718192627824 0.00297265160523187 0.00416171224732461 0.00416171224732461 0.00356718192627824 0.00118906064209275 0.00356718192627824 0.000594530321046373
0.00713436385255648 0.00356718192627824 0.0154577883472057 0.0225921521997622 0.00832342449464923 0.0107015457788347 0.00772889417360285 0.00832342449464923 0
0.0160523186682521 0.00535077288941736 0.0107015457788347 0.0112960760998811 0.00535077288941736 0.00178359096313912 0.00653983353151011 0.00951248513674197 0.00118906064209275
0.0172413793103448 0.0255648038049941 0.0214030915576694 0.0130796670630202 0.0154577883472057 0.0243757431629013 0.0184304399524376 0.0166468489892985 0.0291319857312723
0.0101070154577883 0.00713436385255648 0.0089179548156956 0.0154577883472057 0.0178359096313912 0.0154577883472057 0.0160523186682521 0.0160523186682521 0
0.00713436385255648 0.00297265160523187 0.00416171224732461 0.00713436385255648 0.00951248513674197 0.00772889417360285 0.014268727705113 0.00416171224732461 0.00297265160523187
0.0089179548156956 0.0148632580261593 0.0208085612366231 0.00713436385255648 0.0184304399524376 0.0136741973840666 0.00832342449464923 0.00237812128418549 0.00653983353151011
0.0130796670630202 0.000594530321046373 0.00535077288941736 0.00594530321046373 0.00653983353151011 0.0089179548156956 0.00713436385255648 0.0101070154577883 0.00356718192627824
0.0172413793103448 0.0184304399524376 0.014268727705113 0.0166468489892985 0.0214030915576694 0.0208085612366231 0.058858501783591 0.0428061831153389 0.0160523186682521
0.0124851367419738 0.0184304399524376 0.00653983353151011 0.00475624256837099 0.00416171224732461 0.00772889417360285 0.00772889417360285 0.00594530321046373 0.0089179548156956
0.00356718192627824 0.00535077288941736 0.0154577883472057 0.0124851367419738 0.0112960760998811 0.0101070154577883 0.0112960760998811 0.00951248513674197 0
0.00356718192627824 0.00594530321046373 0.00653983353151011 0.0184304399524376 0.00951248513674197 0.0309155766944114 0.0089179548156956 0.0089179548156956 0
0.00772889417360285 0.00535077288941736 0.00594530321046373 0.0107015457788347 0.00713436385255648 0.0089179548156956 0.00594530321046373 0.0130796670630202 0.00178359096313912
0.00535077288941736 0.00237812128418549 0.00713436385255648 0.0107015457788347 0.0130796670630202 0.00772889417360285 0.00535077288941736 0.00713436385255648 0.00118906064209275
0.0160523186682521 0.0190249702734839 0.0255648038049941 0.0136741973840666 0.0107015457788347 0.0184304399524376 0.00832342449464923 0.0166468489892985 0.00118906064209275
0.0154577883472057 0.0511296076099881 0.00653983353151011 0.014268727705113 0.0196195005945303 0.0208085612366231 0.0112960760998811 0.0101070154577883 0.000594530321046373
0.014268727705113 0.0225921521997622 0.0107015457788347 0.0338882282996433 0.0332936979785969 0.014268727705113 0.00951248513674197 0.0309155766944114 0.00832342449464923
0.00594530321046373 0.00594530321046373 0.00475624256837099 0.00594530321046373 0.0089179548156956 0.00594530321046373 0.00713436385255648 0.00118906064209275 0.00118906064209275
0.0451843043995244 0.0267538644470868 0.00832342449464923 0.00832342449464923 0.0148632580261593 0.00832342449464923 0.0190249702734839 0.0154577883472057 0.165279429250892
