0.0476190476190476 0.238095238095238 0.0952380952380952 0 0.0952380952380952 0 0.0476190476190476 0 0
0 0 0 0 0 0 0 0 0
0 0 0 0 0.0952380952380952 0.0476190476190476 0.0476190476190476 0.142857142857143 0
0 0 0 0.0952380952380952 0.142857142857143 0 0.0476190476190476 0.0952380952380952 0
0.0952380952380952 0 0 0.0476190476190476 0.0952380952380952 0.0952380952380952 0 0.0476190476190476 0.333333333333333
0 0.0952380952380952 0 0.19047619047619 0 0 0.0952380952380952 0 0
0.0952380952380952 0 0.0476190476190476 0.0476190476190476 0 0 0 0 0
0.142857142857143 0 0 0 0 0.0952380952380952 0.0952380952380952 0.0952380952380952 0
0.0952380952380952 0 0.0476190476190476 0.0476190476190476 0 0.0952380952380952 0.142857142857143 0 0
0.0952380952380952 0 0.0476190476190476 0 0.0476190476190476 0.0952380952380952 0 0 0
0 0 0.0476190476190476 0 0 0.0476190476190476 0 0.0476190476190476 0
0 0 0 0 0 0.0476190476190476 0 0.0952380952380952 0
0 0 0.0476190476190476 0.0952380952380952 0 0.0476190476190476 0.142857142857143 0 0
0.0952380952380952 0 0.142857142857143 0.0952380952380952 0.0476190476190476 0 0 0 0
0 0 0.0952380952380952 0.0952380952380952 0 0 0.0476190476190476 0.0476190476190476 0
0 0.19047619047619 0.0952380952380952 0 0.0476190476190476 0.0952380952380952 0.0476190476190476 0.0476190476190476 0
0 0.142857142857143 0.0476190476190476 0 0 0 0 0 0
0.0476190476190476 0.0952380952380952 0.0476190476190476 0.0476190476190476 0.142857142857143 0.0952380952380952 0.0476190476190476 0.0476190476190476 0
0.0476190476190476 0 0 0 0 0 0 0.0952380952380952 0.428571428571429
0 0 0 0 0.0476190476190476 0 0 0 0
