0.00998003992015968 0.0424151696606786 0.0419161676646707 0.0229540918163673 0.0379241516966068 0.0259481037924152 0.0339321357285429 0.0748502994011976 0.0119760479041916
0.00598802395209581 0.000998003992015968 0.00249500998003992 0.0104790419161677 0.00598802395209581 0.00399201596806387 0.00199600798403194 0.00648702594810379 0
0.00698602794411178 0 0.00798403193612774 0.0199600798403194 0.0134730538922156 0.0214570858283433 0.00848303393213573 0.00598802395209581 0
0.0154690618762475 0.00349301397205589 0.00798403193612774 0.0279441117764471 0.0094810379241517 0.0119760479041916 0.0129740518962076 0.0134730538922156 0.000499001996007984
0.0384231536926148 0.00598802395209581 0.0259481037924152 0.00998003992015968 0.0179640718562874 0.0134730538922156 0.0154690618762475 0.00449101796407186 0.0788423153692615
0.0029940119760479 0.00399201596806387 0.00998003992015968 0.0214570858283433 0.031437125748503 0.0274451097804391 0.0109780439121756 0.0119760479041916 0.000998003992015968
0.0139720558882236 0.00149700598802395 0.00698602794411178 0.00698602794411178 0.0094810379241517 0.00449101796407186 0.00748502994011976 0.00349301397205589 0.0029940119760479
0.0239520958083832 0.00848303393213573 0.0239520958083832 0.0159680638722555 0.0204590818363273 0.0184630738522954 0.0229540918163673 0.0159680638722555 0.0149700598802395
0.00798403193612774 0 0.00499001996007984 0.00898203592814371 0.00748502994011976 0.00449101796407186 0.00998003992015968 0.00848303393213573 0
0.0399201596806387 0.0164670658682635 0.0284431137724551 0.0199600798403194 0.0244510978043912 0.0234530938123752 0.0424151696606786 0.0174650698602794 0.0548902195608782
0.0374251497005988 0.0104790419161677 0.0164670658682635 0.00898203592814371 0.0094810379241517 0.00698602794411178 0.00798403193612774 0.00698602794411178 0.0459081836327345
0.0094810379241517 0.000499001996007984 0.0189620758483034 0.0119760479041916 0.0169660678642715 0.00998003992015968 0.0124750499001996 0.00598802395209581 0
0.000499001996007984 0.166167664670659 0.00598802395209581 0.0259481037924152 0.0159680638722555 0.0104790419161677 0.0209580838323353 0.0419161676646707 0
0.00548902195608782 0.00998003992015968 0.00848303393213573 0.0154690618762475 0.00698602794411178 0.0204590818363273 0.0169660678642715 0.00598802395209581 0.000499001996007984
0.0164670658682635 0.000998003992015968 0.0194610778443114 0.0159680638722555 0.0124750499001996 0.0164670658682635 0.00998003992015968 0.00848303393213573 0
0.0094810379241517 0.0094810379241517 0.0164670658682635 0.0259481037924152 0.0209580838323353 0.031936127744511 0.0239520958083832 0.0244510978043912 0.00199600798403194
0.0149700598802395 0.00898203592814371 0.0144710578842315 0.0174650698602794 0.0204590818363273 0.0289421157684631 0.0209580838323353 0.030938123752495 0.0029940119760479
0.0169660678642715 0.0264471057884232 0.0354291417165669 0.0154690618762475 0.0199600798403194 0.0224550898203593 0.0224550898203593 0.0219560878243513 0.0139720558882236
0.0139720558882236 0 0.00648702594810379 0.00848303393213573 0.00698602794411178 0.00748502994011976 0.00548902195608782 0.0029940119760479 0.00548902195608782
0.0279441117764471 0.00199600798403194 0.0154690618762475 0.00798403193612774 0.00998003992015968 0.00798403193612774 0.0104790419161677 0.00598802395209581 0.0823353293413174
