0.00985221674876847 0.00246305418719212 0.00985221674876847 0.00738916256157635 0.00738916256157635 0.00738916256157635 0.0172413793103448 0.0295566502463054 0
0 0 0 0.00246305418719212 0.00246305418719212 0 0 0 0
0.00985221674876847 0 0 0.00985221674876847 0.00738916256157635 0.00492610837438424 0 0 0
0.0295566502463054 0 0 0.0197044334975369 0.00246305418719212 0 0.00246305418719212 0 0.00246305418719212
0.00246305418719212 0.00246305418719212 0.0123152709359606 0.00246305418719212 0.00985221674876847 0.00985221674876847 0.00492610837438424 0.00492610837438424 0.0172413793103448
0 0.00492610837438424 0 0.0172413793103448 0.0123152709359606 0.0147783251231527 0.0221674876847291 0.0270935960591133 0
0.00985221674876847 0 0.00985221674876847 0.00246305418719212 0.00246305418719212 0.00492610837438424 0.00246305418719212 0 0
0 0.00985221674876847 0.0270935960591133 0 0 0.00492610837438424 0.00738916256157635 0 0
0 0 0.00246305418719212 0.00246305418719212 0.00492610837438424 0 0.00246305418719212 0.00246305418719212 0.00492610837438424
0 0.00985221674876847 0 0.00738916256157635 0.00492610837438424 0.0197044334975369 0.0123152709359606 0.00246305418719212 0.00985221674876847
0 0.00246305418719212 0 0 0.00492610837438424 0 0 0.00246305418719212 0.0221674876847291
0 0.00246305418719212 0.00246305418719212 0 0.00246305418719212 0.00738916256157635 0.00985221674876847 0.00492610837438424 0
0 0 0.00246305418719212 0.00985221674876847 0.0123152709359606 0 0.00738916256157635 0.0197044334975369 0
0.00246305418719212 0.00492610837438424 0 0.00492610837438424 0 0.00246305418719212 0 0 0
0 0 0.0123152709359606 0.00985221674876847 0.0147783251231527 0.00246305418719212 0.00492610837438424 0 0.00738916256157635
0.00985221674876847 0.00246305418719212 0 0.00246305418719212 0.00492610837438424 0.00492610837438424 0.00738916256157635 0.00738916256157635 0
0.00985221674876847 0.0394088669950739 0.00246305418719212 0.00246305418719212 0.00492610837438424 0.00738916256157635 0.00492610837438424 0.00738916256157635 0
0 0.0295566502463054 0.00985221674876847 0.00492610837438424 0.00246305418719212 0.00738916256157635 0 0.00246305418719212 0
0.00985221674876847 0 0.00492610837438424 0.00246305418719212 0.00246305418719212 0.00738916256157635 0.00246305418719212 0 0
0.0172413793103448 0 0.0147783251231527 0.00246305418719212 0.00738916256157635 0.00492610837438424 0.00246305418719212 0 0.0467980295566502
