0.108108108108108 0.0702702702702703 0.0810810810810811 0.108108108108108 0.0594594594594595 0.0756756756756757 0.108108108108108 0.205405405405405 0
0 0 0 0.00540540540540541 0.0108108108108108 0.00540540540540541 0.0108108108108108 0 0
0 0 0.00540540540540541 0.0324324324324324 0.0108108108108108 0.0162162162162162 0.0108108108108108 0.00540540540540541 0
0 0.00540540540540541 0 0.102702702702703 0.00540540540540541 0.00540540540540541 0.00540540540540541 0.0378378378378378 0
0.0756756756756757 0.0216216216216216 0.0864864864864865 0.0216216216216216 0.0324324324324324 0.0648648648648649 0.0324324324324324 0.0162162162162162 0.248648648648649
0.00540540540540541 0 0.0108108108108108 0.0432432432432432 0.0648648648648649 0.0540540540540541 0.0378378378378378 0.0162162162162162 0
0.00540540540540541 0 0.0162162162162162 0.0216216216216216 0.0378378378378378 0.0162162162162162 0.0594594594594595 0.0162162162162162 0
0 0.0324324324324324 0.0594594594594595 0.00540540540540541 0.0378378378378378 0.0594594594594595 0.0378378378378378 0.00540540540540541 0.0216216216216216
0.0702702702702703 0 0.0162162162162162 0.0540540540540541 0.027027027027027 0.0108108108108108 0.00540540540540541 0.00540540540540541 0
0.0108108108108108 0.0432432432432432 0.0864864864864865 0.0378378378378378 0.0378378378378378 0.0540540540540541 0.0702702702702703 0.027027027027027 0.243243243243243
0.0702702702702703 0.140540540540541 0.0756756756756757 0.00540540540540541 0.0216216216216216 0.0108108108108108 0.0162162162162162 0.00540540540540541 0.135135135135135
0 0 0.0108108108108108 0.027027027027027 0.0864864864864865 0.00540540540540541 0.027027027027027 0.027027027027027 0
0 0.0486486486486487 0.0486486486486487 0.0756756756756757 0.0378378378378378 0.027027027027027 0.0162162162162162 0.221621621621622 0
0 0.027027027027027 0.0162162162162162 0.0378378378378378 0.00540540540540541 0.027027027027027 0.0486486486486487 0.00540540540540541 0
0.113513513513514 0.0432432432432432 0.0594594594594595 0.0594594594594595 0.0486486486486487 0.0648648648648649 0.0594594594594595 0.00540540540540541 0
0.0162162162162162 0.00540540540540541 0.00540540540540541 0.0486486486486487 0.0486486486486487 0.0540540540540541 0.124324324324324 0.102702702702703 0
0.0216216216216216 0.102702702702703 0.0108108108108108 0.0378378378378378 0.0594594594594595 0.12972972972973 0.0486486486486487 0.0162162162162162 0
0.0378378378378378 0.0756756756756757 0.0162162162162162 0.0108108108108108 0.0648648648648649 0.0594594594594595 0.0108108108108108 0.0324324324324324 0.0702702702702703
0.0216216216216216 0.027027027027027 0.0324324324324324 0.0162162162162162 0.0216216216216216 0.0108108108108108 0.0162162162162162 0 0
0.227027027027027 0.140540540540541 0.145945945945946 0.0324324324324324 0.0648648648648649 0.0324324324324324 0.0378378378378378 0.0324324324324324 0.0648648648648649
