0.00884955752212389 0.00916561314791403 0.0145385587863464 0.0104298356510746 0.00695322376738306 0.00758533501896334 0.0072692793931732 0.0120101137800253 0.00316055625790139
0.00695322376738306 0.0015802781289507 0.000948166877370417 0.00189633375474083 0.00316055625790139 0.00221238938053097 0.00126422250316056 0.00221238938053097 0
0.00284450063211125 0.000632111251580278 0.0483565107458913 0.0120101137800253 0.00537294563843236 0.00758533501896334 0.00537294563843236 0.00600505689001264 0.000316055625790139
0.00663716814159292 0.000632111251580278 0.0199115044247788 0.0110619469026549 0.00790139064475348 0.00347661188369153 0.00379266750948167 0.00884955752212389 0.000316055625790139
0.0110619469026549 0.000632111251580278 0.00379266750948167 0.00537294563843236 0.00790139064475348 0.00948166877370417 0.00948166877370417 0.0104298356510746 0.00410872313527181
0.00663716814159292 0.00189633375474083 0.00379266750948167 0.00916561314791403 0.00916561314791403 0.0104298356510746 0.0107458912768647 0.00758533501896334 0
0.00410872313527181 0.000316055625790139 0.000632111251580278 0.00316055625790139 0.000948166877370417 0.00379266750948167 0.00600505689001264 0.00252844500632111 0.000948166877370417
0.00790139064475348 0.00505689001264223 0.00316055625790139 0.00790139064475348 0.00821744627054362 0.00600505689001264 0.00632111251580278 0.00442477876106195 0.000632111251580278
0.00442477876106195 0.000316055625790139 0.000948166877370417 0.00663716814159292 0.0072692793931732 0.00505689001264223 0.00252844500632111 0.00505689001264223 0.00189633375474083
0.0189633375474083 0.00695322376738306 0.0015802781289507 0.0120101137800253 0.0107458912768647 0.0129582806573957 0.0274968394437421 0.0202275600505689 0.00379266750948167
0.00600505689001264 0.00442477876106195 0.00221238938053097 0.00632111251580278 0.00284450063211125 0.00410872313527181 0.00474083438685209 0.0072692793931732 0.000632111251580278
0.00600505689001264 0.000316055625790139 0.00600505689001264 0.00600505689001264 0.00916561314791403 0.011378002528445 0.00442477876106195 0.00221238938053097 0
0.00410872313527181 0.000316055625790139 0.00284450063211125 0.00790139064475348 0.00474083438685209 0.00790139064475348 0.00474083438685209 0.00410872313527181 0
0.00379266750948167 0.0015802781289507 0.00379266750948167 0.00537294563843236 0.00600505689001264 0.00442477876106195 0.0056890012642225 0.00316055625790139 0.000316055625790139
0.00347661188369153 0.000948166877370417 0.000632111251580278 0.00632111251580278 0.0056890012642225 0.00821744627054362 0.00442477876106195 0.00695322376738306 0
0.00632111251580278 0.043299620733249 0.015802781289507 0.00916561314791403 0.0110619469026549 0.011378002528445 0.0110619469026549 0.0107458912768647 0.000316055625790139
0.00663716814159292 0.0502528445006321 0.00537294563843236 0.00663716814159292 0.00853350189633375 0.0120101137800253 0.00695322376738306 0.00758533501896334 0.000316055625790139
0.00853350189633375 0.0104298356510746 0.0015802781289507 0.0072692793931732 0.00979772439949431 0.00537294563843236 0.00695322376738306 0.00695322376738306 0.0056890012642225
0.00347661188369153 0 0.000948166877370417 0.000632111251580278 0.00442477876106195 0.0015802781289507 0.00442477876106195 0.00252844500632111 0.00126422250316056
0.0126422250316056 0.000632111251580278 0.00252844500632111 0.00410872313527181 0.00948166877370417 0.00442477876106195 0.0056890012642225 0.00853350189633375 0.115676359039191
