0 0.172413793103448 0 0 0 0 0 0 0
0 0 0 0.0689655172413793 0 0 0 0 0
0 0 0.0344827586206897 0 0.103448275862069 0 0 0 0
0 0 0 0 0.0344827586206897 0 0 0 0
0.344827586206897 0 0 0 0 0.379310344827586 0 0 0
0 0 0 0 0 0 0 0 0
0 0 0 0.172413793103448 0 0 0 0 0
0 0 0 0 0 0 0 0.0689655172413793 0
0 0 0 0 0.0344827586206897 0 0 0 0
0 0.0689655172413793 0 0 0 0 0 0.310344827586207 0
0 0 0 0 0 0 0 0 0
0 0 0.241379310344828 0.0344827586206897 0.172413793103448 0 0 0 0
0 0 0 0 0 0 0 0 0
0 0 0 0 0 0 0 0 0
0 0 0 0 0 0 0 0 0
0.0344827586206897 0 0.103448275862069 0 0 0 0.0344827586206897 0 0
0 0 0 0 0 0 0.344827586206897 0 0
0 0.137931034482759 0 0 0 0 0 0 0.379310344827586
0 0 0 0 0 0 0 0 0
0 0 0 0.103448275862069 0.0344827586206897 0 0 0 0
