0.0210970464135021 0.00316455696202532 0.0158227848101266 0.0116033755274262 0.0210970464135021 0.020042194092827 0.0253164556962025 0.0232067510548523 0.0284810126582278
0.00210970464135021 0.00105485232067511 0 0.00738396624472574 0.00421940928270042 0.00632911392405063 0.00316455696202532 0.00316455696202532 0.00316455696202532
0.00316455696202532 0 0.0232067510548523 0.0464135021097046 0.0158227848101266 0.0116033755274262 0.00949367088607595 0.00527426160337553 0
0.00210970464135021 0 0.00421940928270042 0.0464135021097046 0.0105485232067511 0.00949367088607595 0.00843881856540084 0.020042194092827 0.00421940928270042
0.0358649789029536 0.00421940928270042 0.0158227848101266 0.00421940928270042 0.00843881856540084 0.0137130801687764 0.0221518987341772 0.020042194092827 0.00527426160337553
0.0242616033755274 0 0.0158227848101266 0.029535864978903 0.0327004219409283 0.0168776371308017 0.00738396624472574 0.0263713080168776 0.00105485232067511
0.00527426160337553 0 0.00527426160337553 0.00316455696202532 0.00632911392405063 0.00949367088607595 0.0221518987341772 0.0126582278481013 0
0.00738396624472574 0.0168776371308017 0.0221518987341772 0.00632911392405063 0.0126582278481013 0.0316455696202532 0.0210970464135021 0.00210970464135021 0.0284810126582278
0.0263713080168776 0 0.0126582278481013 0.00949367088607595 0.00632911392405063 0.00632911392405063 0.00843881856540084 0.00843881856540084 0.00105485232067511
0.0210970464135021 0.132911392405063 0.0284810126582278 0.00843881856540084 0.0158227848101266 0.0305907172995781 0.0189873417721519 0.0147679324894515 0.0738396624472574
0.00843881856540084 0.0506329113924051 0.0137130801687764 0.00316455696202532 0.00527426160337553 0.00843881856540084 0.00738396624472574 0.00316455696202532 0.00421940928270042
0.0105485232067511 0 0.0105485232067511 0.0105485232067511 0.0158227848101266 0.00421940928270042 0.00949367088607595 0.00632911392405063 0
0 0.00105485232067511 0.00843881856540084 0.0242616033755274 0.00949367088607595 0.00843881856540084 0.0253164556962025 0.0221518987341772 0
0.00738396624472574 0.0210970464135021 0.00949367088607595 0.00738396624472574 0.00738396624472574 0.0105485232067511 0.00843881856540084 0.00316455696202532 0.00316455696202532
0.00527426160337553 0 0.00421940928270042 0.00843881856540084 0.00949367088607595 0.00632911392405063 0.00316455696202532 0.0116033755274262 0.00105485232067511
0.020042194092827 0.00105485232067511 0.00843881856540084 0.0116033755274262 0.0168776371308017 0.0274261603375527 0.00843881856540084 0.0221518987341772 0.00421940928270042
0.0116033755274262 0.0126582278481013 0.0105485232067511 0.00421940928270042 0.0126582278481013 0.0179324894514768 0.0126582278481013 0.0221518987341772 0.00632911392405063
0.0105485232067511 0.0179324894514768 0.00949367088607595 0.00527426160337553 0.0158227848101266 0.0158227848101266 0.00949367088607595 0.0105485232067511 0.0959915611814346
0.0105485232067511 0 0.00949367088607595 0.00421940928270042 0.0189873417721519 0.00210970464135021 0.0158227848101266 0.00527426160337553 0
0.029535864978903 0 0.0348101265822785 0.0105485232067511 0.0168776371308017 0.00527426160337553 0.0158227848101266 0.020042194092827 0.00210970464135021
