0.0223880597014925 0.0373134328358209 0.0746268656716418 0.126865671641791 0.0597014925373134 0.0149253731343284 0.082089552238806 0.164179104477612 0
0 0 0 0.00746268656716418 0 0.0149253731343284 0.0149253731343284 0 0
0 0 0 0.0522388059701493 0 0.0746268656716418 0 0.0522388059701493 0
0.0223880597014925 0 0 0.119402985074627 0.00746268656716418 0.0149253731343284 0.00746268656716418 0 0
0.111940298507463 0 0.0447761194029851 0.0223880597014925 0.0223880597014925 0.0373134328358209 0.0223880597014925 0.00746268656716418 0.238805970149254
0.0373134328358209 0 0.0223880597014925 0.0671641791044776 0.104477611940299 0.0895522388059701 0.0597014925373134 0.0597014925373134 0
0.0298507462686567 0 0.0223880597014925 0.0298507462686567 0.0223880597014925 0.0298507462686567 0.0223880597014925 0 0.0373134328358209
0.0373134328358209 0.0522388059701493 0.0223880597014925 0 0.0373134328358209 0.0223880597014925 0.00746268656716418 0.0298507462686567 0.00746268656716418
0.0149253731343284 0 0.0447761194029851 0.0149253731343284 0.0298507462686567 0.0223880597014925 0.0447761194029851 0.0223880597014925 0
0.0597014925373134 0.253731343283582 0.119402985074627 0 0.0522388059701493 0.0223880597014925 0.0746268656716418 0.00746268656716418 0.0298507462686567
0.0298507462686567 0.141791044776119 0.0597014925373134 0 0.00746268656716418 0 0 0.00746268656716418 0.119402985074627
0.0373134328358209 0 0.00746268656716418 0.0746268656716418 0.0298507462686567 0.0522388059701493 0.0298507462686567 0.0373134328358209 0
0 0 0 0.0373134328358209 0.0895522388059701 0.0223880597014925 0.0223880597014925 0.141791044776119 0
0.0373134328358209 0.216417910447761 0.0149253731343284 0.0447761194029851 0 0.0149253731343284 0.0746268656716418 0.0149253731343284 0
0.0223880597014925 0 0.134328358208955 0.0149253731343284 0.0447761194029851 0.0447761194029851 0.0522388059701493 0 0
0.104477611940299 0.0223880597014925 0.0223880597014925 0.0223880597014925 0.104477611940299 0.126865671641791 0.141791044776119 0.082089552238806 0
0.0223880597014925 0.0223880597014925 0.0149253731343284 0.0149253731343284 0.0597014925373134 0.0522388059701493 0.0522388059701493 0.0373134328358209 0
0.0149253731343284 0.0149253731343284 0.0298507462686567 0.0671641791044776 0.0298507462686567 0.0149253731343284 0.0149253731343284 0.082089552238806 0.00746268656716418
0.0447761194029851 0 0.0298507462686567 0.00746268656716418 0.0223880597014925 0.0522388059701493 0.00746268656716418 0.00746268656716418 0.00746268656716418
0.111940298507463 0 0.0970149253731343 0.0373134328358209 0.0373134328358209 0.0373134328358209 0.0298507462686567 0.00746268656716418 0.313432835820896
