0.0497427101200686 0 0.0154373927958834 0.0274442538593482 0.0205831903945112 0.0222984562607204 0.0154373927958834 0.0102915951972556 0.00686106346483705
0.00171526586620926 0 0 0.00514579759862779 0.00514579759862779 0.00171526586620926 0.00514579759862779 0.0102915951972556 0
0.00514579759862779 0.00857632933104631 0 0.0205831903945112 0.0205831903945112 0.00857632933104631 0.00514579759862779 0.00857632933104631 0
0.0308747855917667 0.253859348198971 0.00686106346483705 0.0188679245283019 0.0154373927958834 0.00514579759862779 0.00686106346483705 0.00514579759862779 0.00343053173241852
0.00343053173241852 0 0.0154373927958834 0.00343053173241852 0.0102915951972556 0.00686106346483705 0.00857632933104631 0.0137221269296741 0.0222984562607204
0.0171526586620926 0 0.0188679245283019 0.0171526586620926 0.00514579759862779 0.0308747855917667 0.0102915951972556 0.0171526586620926 0.00857632933104631
0.00171526586620926 0 0.0154373927958834 0.00514579759862779 0.00857632933104631 0.00857632933104631 0.00343053173241852 0.0154373927958834 0
0.00686106346483705 0 0.0274442538593482 0.0154373927958834 0.0257289879931389 0.0188679245283019 0.0274442538593482 0.0120068610634648 0.0428816466552316
0.0205831903945112 0 0.00686106346483705 0.0120068610634648 0.0120068610634648 0.00857632933104631 0.0154373927958834 0.0102915951972556 0
0.0120068610634648 0 0.0308747855917667 0.0257289879931389 0.0360205831903945 0.0240137221269297 0.0445969125214408 0.0343053173241852 0.0548885077186964
0.0222984562607204 0 0.0240137221269297 0.00343053173241852 0.0154373927958834 0.00686106346483705 0 0.00686106346483705 0.0171526586620926
0.0205831903945112 0 0.0360205831903945 0.0120068610634648 0.0120068610634648 0.0120068610634648 0.00857632933104631 0.0120068610634648 0
0.00171526586620926 0 0.00171526586620926 0.00514579759862779 0.0171526586620926 0.0137221269296741 0.0102915951972556 0.00514579759862779 0
0.00686106346483705 0.00171526586620926 0.00514579759862779 0.0257289879931389 0.00343053173241852 0.00514579759862779 0.00686106346483705 0.0171526586620926 0
0.00514579759862779 0 0.00686106346483705 0.00514579759862779 0.00514579759862779 0.00857632933104631 0.0171526586620926 0.0102915951972556 0
0.0308747855917667 0 0.0102915951972556 0.0240137221269297 0.0205831903945112 0.0171526586620926 0.0102915951972556 0.0257289879931389 0
0.0102915951972556 0 0.0137221269296741 0.0137221269296741 0.00686106346483705 0.0205831903945112 0.0205831903945112 0.0205831903945112 0.00686106346483705
0.0102915951972556 0 0.0188679245283019 0.0188679245283019 0.00343053173241852 0.0308747855917667 0.0171526586620926 0.0120068610634648 0.0102915951972556
0.00343053173241852 0 0.00514579759862779 0 0.00686106346483705 0.00514579759862779 0.0240137221269297 0.00857632933104631 0.0497427101200686
0.00343053173241852 0 0.00514579759862779 0.00514579759862779 0.0137221269296741 0.00857632933104631 0.00686106346483705 0.00857632933104631 0.0411663807890223
