0.0263929618768328 0.00733137829912024 0.0205278592375367 0.0439882697947214 0.0175953079178886 0.0337243401759531 0.0131964809384164 0.0586510263929619 0.00146627565982405
0 0 0.00586510263929619 0.00439882697947214 0.00586510263929619 0.00293255131964809 0.00293255131964809 0.00146627565982405 0
0.00293255131964809 0.00146627565982405 0.00733137829912024 0.00586510263929619 0.00293255131964809 0.0146627565982405 0.00146627565982405 0.00439882697947214 0
0.00146627565982405 0 0.00146627565982405 0.0293255131964809 0.00733137829912024 0.0117302052785924 0.0219941348973607 0.0161290322580645 0
0.00146627565982405 0 0.0557184750733138 0.0513196480938416 0.0483870967741935 0.0381231671554252 0.0234604105571848 0.00439882697947214 0.140762463343109
0.0117302052785924 0 0.0146627565982405 0.0395894428152493 0.0234604105571848 0.0102639296187683 0.00439882697947214 0.0234604105571848 0.00146627565982405
0.0102639296187683 0.00146627565982405 0.00146627565982405 0.0102639296187683 0.00733137829912024 0.0219941348973607 0.0131964809384164 0.00439882697947214 0
0.0557184750733138 0.0659824046920821 0.0498533724340176 0.0234604105571848 0.0733137829912024 0.0454545454545455 0.0146627565982405 0.0366568914956012 0.183284457478006
0.1158357771261 0 0.00586510263929619 0.0175953079178886 0.0234604105571848 0.0102639296187683 0.0102639296187683 0.0131964809384164 0.00293255131964809
0.0454545454545455 0.101173020527859 0.0718475073313783 0.0234604105571848 0.0806451612903226 0.0263929618768328 0.092375366568915 0.0278592375366569 0.0601173020527859
0.0381231671554252 0.0469208211143695 0.0483870967741935 0.0190615835777126 0.0219941348973607 0.00879765395894428 0.00733137829912024 0.00733137829912024 0.00879765395894428
0.00586510263929619 0 0.0483870967741935 0.0425219941348974 0.0263929618768328 0.0351906158357771 0.0469208211143695 0.0234604105571848 0
0 0 0.00586510263929619 0.0234604105571848 0.0102639296187683 0.0146627565982405 0.0146627565982405 0.0293255131964809 0
0.00879765395894428 0.0234604105571848 0.00733137829912024 0.00879765395894428 0.0175953079178886 0.00439882697947214 0.0102639296187683 0.00879765395894428 0
0.0747800586510264 0.00146627565982405 0.00733137829912024 0.00879765395894428 0.0146627565982405 0.0234604105571848 0.0146627565982405 0.00293255131964809 0
0.0381231671554252 0.0425219941348974 0.0263929618768328 0.0410557184750733 0.0161290322580645 0.0454545454545455 0.0146627565982405 0.0967741935483871 0.00146627565982405
0.0205278592375367 0.142228739002933 0.00439882697947214 0.0351906158357771 0.0146627565982405 0.0527859237536657 0.032258064516129 0.0909090909090909 0
0.0175953079178886 0.0469208211143695 0.0117302052785924 0.0131964809384164 0.0425219941348974 0.0733137829912024 0.0879765395894428 0.0293255131964809 0.00439882697947214
0.00146627565982405 0 0.0439882697947214 0.00586510263929619 0.00293255131964809 0.00146627565982405 0.00733137829912024 0 0.0513196480938416
0.00586510263929619 0.00146627565982405 0.0439882697947214 0.0351906158357771 0.0249266862170088 0.00733137829912024 0.0483870967741935 0.00293255131964809 0.0263929618768328
