0.036231884057971 0.0072463768115942 0.036231884057971 0.036231884057971 0.0507246376811594 0.0289855072463768 0.0507246376811594 0.0579710144927536 0.036231884057971
0.0144927536231884 0 0 0.0072463768115942 0 0.0144927536231884 0 0 0
0 0 0.0144927536231884 0.0072463768115942 0.0217391304347826 0.0144927536231884 0 0.0144927536231884 0
0 0 0 0.0797101449275362 0 0 0.0289855072463768 0.0144927536231884 0
0.0507246376811594 0 0.0289855072463768 0 0.0507246376811594 0.0217391304347826 0.0434782608695652 0.0797101449275362 0
0.0217391304347826 0 0.0144927536231884 0.0217391304347826 0.0507246376811594 0.0072463768115942 0.0072463768115942 0.0217391304347826 0
0 0 0 0.0144927536231884 0 0.0217391304347826 0.0144927536231884 0.0072463768115942 0
0.0289855072463768 0.0289855072463768 0.036231884057971 0.0144927536231884 0.0217391304347826 0.0652173913043478 0.0434782608695652 0.0144927536231884 0.0289855072463768
0.0289855072463768 0 0.0144927536231884 0.036231884057971 0.036231884057971 0 0 0.0289855072463768 0
0.123188405797101 0.289855072463768 0.0942028985507246 0.0434782608695652 0.0797101449275362 0.0869565217391304 0.0507246376811594 0.0289855072463768 0.22463768115942
0.0434782608695652 0.101449275362319 0.0797101449275362 0.0507246376811594 0 0.0434782608695652 0.0144927536231884 0.0144927536231884 0.0144927536231884
0 0 0.036231884057971 0.0144927536231884 0 0.0072463768115942 0 0 0
0 0 0.036231884057971 0.036231884057971 0.0144927536231884 0.036231884057971 0.0652173913043478 0.0434782608695652 0
0.036231884057971 0 0 0 0 0.0144927536231884 0 0.0072463768115942 0
0.0072463768115942 0 0 0.0217391304347826 0.0144927536231884 0 0.0217391304347826 0.0072463768115942 0
0.036231884057971 0 0.0217391304347826 0.0289855072463768 0.0072463768115942 0.0434782608695652 0.0144927536231884 0.0507246376811594 0.0144927536231884
0.0144927536231884 0.0217391304347826 0 0.072463768115942 0.0797101449275362 0.036231884057971 0.0217391304347826 0.072463768115942 0
0.0144927536231884 0.0507246376811594 0.0217391304347826 0.0144927536231884 0.036231884057971 0.0652173913043478 0.0289855072463768 0.0144927536231884 0.188405797101449
0.0144927536231884 0 0.0652173913043478 0.0072463768115942 0.0144927536231884 0 0.0869565217391304 0.0144927536231884 0
0.036231884057971 0.0072463768115942 0.0072463768115942 0 0.0289855072463768 0 0.0144927536231884 0.0144927536231884 0
