0.00894854586129754 0.000894854586129754 0.0165548098434004 0.0187919463087248 0.0120805369127517 0.0120805369127517 0.0138702460850112 0.00850111856823266 0.00313199105145414
0.000894854586129754 0 0 0.00223713646532438 0.000894854586129754 0.00313199105145414 0.000894854586129754 0.00223713646532438 0.000447427293064877
0.000894854586129754 0 0.00178970917225951 0.00671140939597315 0.00313199105145414 0.00313199105145414 0.00223713646532438 0.00447427293064877 0.000447427293064877
0.00178970917225951 0 0.000894854586129754 0.00805369127516779 0.00178970917225951 0.00492170022371365 0.00671140939597315 0.00671140939597315 0.00134228187919463
0.00626398210290828 0 0.0152125279642058 0.00402684563758389 0.00760626398210291 0.00760626398210291 0.0058165548098434 0.00402684563758389 0.0156599552572707
0.0161073825503356 0 0.00357941834451902 0.0178970917225951 0.0102908277404922 0.0138702460850112 0.0152125279642058 0.0165548098434004 0.000447427293064877
0.00223713646532438 0.000447427293064877 0.00492170022371365 0.000894854586129754 0.00134228187919463 0.00268456375838926 0.00671140939597315 0.00313199105145414 0.00268456375838926
0.00492170022371365 0 0.00850111856823266 0.0058165548098434 0.0138702460850112 0.00894854586129754 0.0147651006711409 0.00536912751677852 0.00760626398210291
0.0210290827740492 0.00223713646532438 0.0058165548098434 0.00894854586129754 0.00805369127516779 0.0058165548098434 0.00536912751677852 0.0129753914988814 0.0250559284116331
0.0058165548098434 0.00402684563758389 0.0237136465324385 0.0152125279642058 0.01834451901566 0.0165548098434004 0.0237136465324385 0.0174496644295302 0.0465324384787472
0.00223713646532438 0.00357941834451902 0.0111856823266219 0.0058165548098434 0.00492170022371365 0.00313199105145414 0.00223713646532438 0.00536912751677852 0.00626398210290828
0.00223713646532438 0 0.00447427293064877 0.0058165548098434 0.00671140939597315 0.00402684563758389 0.00492170022371365 0.00402684563758389 0.000894854586129754
0 0 0.000894854586129754 0.00671140939597315 0.00536912751677852 0.00626398210290828 0.00626398210290828 0.0134228187919463 0.000894854586129754
0.00313199105145414 0.01834451901566 0.00939597315436242 0.00850111856823266 0.00626398210290828 0.0058165548098434 0.00715883668903803 0.00805369127516779 0.00223713646532438
0.051006711409396 0.125279642058166 0.00850111856823266 0.0174496644295302 0.0187919463087248 0.0205816554809843 0.00626398210290828 0.00894854586129754 0.0129753914988814
0.00805369127516779 0.000447427293064877 0.00268456375838926 0.00492170022371365 0.00984340044742729 0.0134228187919463 0.00805369127516779 0.0111856823266219 0
0.00223713646532438 0.000447427293064877 0.00760626398210291 0.00715883668903803 0.00805369127516779 0.00894854586129754 0.00760626398210291 0.00939597315436242 0.000894854586129754
0.00313199105145414 0.00223713646532438 0.00626398210290828 0.00850111856823266 0.010738255033557 0.00939597315436242 0.0111856823266219 0.00939597315436242 0.00715883668903803
0.00402684563758389 0.000894854586129754 0.0116331096196868 0.00223713646532438 0.0058165548098434 0.00492170022371365 0.00268456375838926 0.00357941834451902 0.00134228187919463
0.0138702460850112 0 0.0152125279642058 0.00313199105145414 0.00492170022371365 0.00357941834451902 0.00715883668903803 0.00402684563758389 0.0228187919463087
