0.00282087447108604 0.00282087447108604 0.00705218617771509 0.0155148095909732 0.00282087447108604 0.00282087447108604 0.0126939351198872 0.0183356840620592 0
0 0 0.00141043723554302 0 0 0 0 0 0
0 0 0.00141043723554302 0.00141043723554302 0 0.00564174894217207 0.00423131170662906 0 0
0.00141043723554302 0.00705218617771509 0.00141043723554302 0.00987306064880113 0.00141043723554302 0.00282087447108604 0 0.00141043723554302 0
0.00564174894217207 0 0.00564174894217207 0.00423131170662906 0.00282087447108604 0.00423131170662906 0.00564174894217207 0 0.00705218617771509
0.00705218617771509 0 0.00141043723554302 0.0155148095909732 0.00846262341325811 0.00987306064880113 0.00282087447108604 0.00423131170662906 0
0 0.00423131170662906 0.00423131170662906 0.00141043723554302 0.00564174894217207 0.00141043723554302 0.00282087447108604 0.00141043723554302 0
0 0.00141043723554302 0 0.00564174894217207 0.0141043723554302 0.00282087447108604 0.00423131170662906 0.00564174894217207 0.00282087447108604
0.00423131170662906 0.00705218617771509 0.00282087447108604 0.00282087447108604 0.00141043723554302 0.00423131170662906 0.00282087447108604 0.00141043723554302 0
0.00141043723554302 0 0.00705218617771509 0.00141043723554302 0.00282087447108604 0.00564174894217207 0.00282087447108604 0.0141043723554302 0.0677009873060649
0.00564174894217207 0.0169252468265162 0.00564174894217207 0.00423131170662906 0 0 0.00141043723554302 0 0.00141043723554302
0 0 0.00282087447108604 0.00423131170662906 0.00282087447108604 0.00282087447108604 0.00141043723554302 0 0
0 0 0.00423131170662906 0.00423131170662906 0.0112834978843441 0.00705218617771509 0.00282087447108604 0.0141043723554302 0
0.00141043723554302 0.0338504936530324 0.00141043723554302 0 0.00141043723554302 0.00423131170662906 0.00423131170662906 0.00141043723554302 0
0.0296191819464034 0.00564174894217207 0.00141043723554302 0 0.00423131170662906 0.00282087447108604 0.00141043723554302 0 0
0.00282087447108604 0 0 0.00282087447108604 0.00564174894217207 0.00987306064880113 0.00705218617771509 0.00846262341325811 0
0 0 0 0.00282087447108604 0.00282087447108604 0.00423131170662906 0.00282087447108604 0.00423131170662906 0
0.00141043723554302 0.00141043723554302 0.00564174894217207 0 0.00564174894217207 0.00564174894217207 0.0112834978843441 0.00282087447108604 0.00141043723554302
0.00846262341325811 0 0.0126939351198872 0.00282087447108604 0.00564174894217207 0.00282087447108604 0.00564174894217207 0 0
0.00846262341325811 0 0.0141043723554302 0.00141043723554302 0.00141043723554302 0.00141043723554302 0.00423131170662906 0.00282087447108604 0
