0.0218340611353712 0.0218340611353712 0.0218340611353712 0.0349344978165939 0.0131004366812227 0.0262008733624454 0.0262008733624454 0.0524017467248908 0.0131004366812227
0 0 0 0 0 0 0.00436681222707424 0 0.00436681222707424
0.0305676855895196 0 0 0 0 0.00873362445414847 0 0 0
0.0305676855895196 0 0.00436681222707424 0.0131004366812227 0 0 0 0.00873362445414847 0
0.00873362445414847 0.00436681222707424 0.00873362445414847 0.0218340611353712 0 0 0 0 0
0.00436681222707424 0 0.00436681222707424 0.00436681222707424 0.00873362445414847 0.0174672489082969 0.0131004366812227 0 0
0 0.00436681222707424 0 0 0.00436681222707424 0.00436681222707424 0.0174672489082969 0 0
0 0 0 0 0.0174672489082969 0.0305676855895196 0 0 0.00436681222707424
0 0 0.00873362445414847 0.00873362445414847 0.0174672489082969 0 0.00436681222707424 0 0
0.0262008733624454 0.0131004366812227 0.00873362445414847 0.0174672489082969 0.00436681222707424 0.0131004366812227 0.0218340611353712 0 0.104803493449782
0.00873362445414847 0.00436681222707424 0.00436681222707424 0 0 0 0 0 0.00873362445414847
0 0.00436681222707424 0 0 0 0 0.0218340611353712 0 0
0 0.0131004366812227 0 0.00873362445414847 0 0 0 0 0
0 0 0.00873362445414847 0 0 0 0.0174672489082969 0.00873362445414847 0
0.00436681222707424 0.0829694323144105 0.0131004366812227 0.0349344978165939 0.0698689956331878 0.0262008733624454 0.00436681222707424 0.00873362445414847 0
0 0 0 0 0.00436681222707424 0 0.00436681222707424 0.0567685589519651 0
0.00873362445414847 0.00436681222707424 0.00436681222707424 0 0.00436681222707424 0.0131004366812227 0.0131004366812227 0.00873362445414847 0
0 0 0 0 0.00873362445414847 0.00873362445414847 0.00436681222707424 0.00873362445414847 0.00873362445414847
0 0 0.00436681222707424 0 0 0 0 0 0
0.00873362445414847 0 0.0611353711790393 0.00873362445414847 0 0.00436681222707424 0 0 0.00873362445414847
