0.0230627306273063 0.0132226322263223 0.0276752767527675 0.0276752767527675 0.0252152521525215 0.0166051660516605 0.0298277982779828 0.044280442804428 0.00492004920049201
0.002460024600246 0.00030750307503075 0.00492004920049201 0.00522755227552276 0.00399753997539975 0.00615006150061501 0.00615006150061501 0.00338253382533825 0
0.00030750307503075 0.00030750307503075 0.00276752767527675 0.0190651906519065 0.011070110701107 0.0116851168511685 0.0043050430504305 0.00492004920049201 0
0.00984009840098401 0.00615006150061501 0.00338253382533825 0.0249077490774908 0.0104551045510455 0.00891758917589176 0.01230012300123 0.0126076260762608 0.00030750307503075
0.018450184501845 0.0043050430504305 0.0255227552275523 0.00861008610086101 0.0129151291512915 0.0230627306273063 0.00953259532595326 0.00984009840098401 0.0999384993849939
0.01230012300123 0.0043050430504305 0.00984009840098401 0.0202952029520295 0.0249077490774908 0.0301353013530135 0.0190651906519065 0.013530135301353 0.002460024600246
0.00461254612546125 0.00030750307503075 0.00799507995079951 0.00645756457564576 0.0107626076260763 0.00738007380073801 0.00738007380073801 0.0144526445264453 0.00338253382533825
0.0187576875768758 0.027060270602706 0.0310578105781058 0.00891758917589176 0.0138376383763838 0.022140221402214 0.0141451414514145 0.00522755227552276 0.0129151291512915
0.0255227552275523 0.000615006150061501 0.022140221402214 0.020910209102091 0.0116851168511685 0.00645756457564576 0.0104551045510455 0.00492004920049201 0.000615006150061501
0.0375153751537515 0.0587330873308733 0.0169126691266913 0.0132226322263223 0.0230627306273063 0.0181426814268143 0.0378228782287823 0.0129151291512915 0.0341328413284133
0.0202952029520295 0.0359778597785978 0.0144526445264453 0.00799507995079951 0.00738007380073801 0.00645756457564576 0.0104551045510455 0.00492004920049201 0.0218327183271833
0.00553505535055351 0.0018450184501845 0.0166051660516605 0.018450184501845 0.014760147601476 0.015990159901599 0.0150676506765068 0.00553505535055351 0
0.001230012300123 0.002460024600246 0.003690036900369 0.022140221402214 0.0116851168511685 0.00645756457564576 0.0138376383763838 0.027060270602706 0.00030750307503075
0.00830258302583026 0.0525830258302583 0.0101476014760148 0.0126076260762608 0.00707257072570726 0.00738007380073801 0.0116851168511685 0.00922509225092251 0.00153751537515375
0.02460024600246 0.0018450184501845 0.0313653136531365 0.01230012300123 0.0169126691266913 0.0129151291512915 0.00984009840098401 0.00799507995079951 0
0.019680196801968 0.0298277982779828 0.0169126691266913 0.0206027060270603 0.0224477244772448 0.0292127921279213 0.0236777367773678 0.0390528905289053 0.00030750307503075
0.0113776137761378 0.0193726937269373 0.00584255842558426 0.01230012300123 0.020910209102091 0.0224477244772448 0.018450184501845 0.0276752767527675 0.000922509225092251
0.0126076260762608 0.0264452644526445 0.0116851168511685 0.0126076260762608 0.0175276752767528 0.0199876998769988 0.0202952029520295 0.0252152521525215 0.00768757687576876
0.00584255842558426 0.000615006150061501 0.00461254612546125 0.00399753997539975 0.00584255842558426 0.00461254612546125 0.00461254612546125 0.00276752767527675 0.0043050430504305
0.0249077490774908 0.000922509225092251 0.019680196801968 0.00891758917589176 0.014760147601476 0.011070110701107 0.00830258302583026 0.0116851168511685 0.0916359163591636
