0.0292081949058693 0.00858250276854928 0.0361295681063123 0.0377906976744186 0.0263012181616833 0.0197951273532669 0.0418050941306755 0.0308693244739756 0.0405592469545958
0.00429125138427464 0.000830564784053156 0.00526024363233666 0.0095514950166113 0.00899778516057586 0.00913621262458472 0.00692137320044297 0.00526024363233666 0.000968992248062015
0.00166112956810631 0 0.0220099667774086 0.0366832779623477 0.0184108527131783 0.0119047619047619 0.0113510520487265 0.00872093023255814 0
0.00263012181616833 0.000553709856035437 0.00456810631229236 0.0321151716500554 0.0112126245847176 0.00733665559246955 0.0109357696566999 0.0203488372093023 0.000276854928017719
0.0499723145071982 0.00166112956810631 0.0305924695459579 0.0119047619047619 0.0251937984496124 0.0239479512735327 0.0386212624584718 0.028516057585825 0.00263012181616833
0.0235326688815061 0.000553709856035437 0.014811738648948 0.0337763012181617 0.0307308970099668 0.0150885935769657 0.00872093023255814 0.0254706533776301 0.000830564784053156
0.00470653377630122 0.000138427464008859 0.00650609080841639 0.00622923588039867 0.00899778516057586 0.00470653377630122 0.0139811738648948 0.00678294573643411 0.000138427464008859
0.024640088593577 0.0365448504983389 0.0292081949058693 0.0135658914728682 0.0233942414174972 0.0386212624584718 0.0228405315614618 0.0106589147286822 0.0517718715393134
0.0247785160575858 0.000415282392026578 0.00553709856035437 0.0137043189368771 0.0110741971207087 0.00526024363233666 0.00553709856035437 0.0105204872646733 0.000553709856035437
0.0395902547065338 0.201273532668882 0.0502491694352159 0.0221483942414175 0.0350221483942414 0.0618770764119601 0.0405592469545958 0.0408361018826135 0.102436323366556
0.0150885935769657 0.0480343300110742 0.0224252491694352 0.00595238095238095 0.00553709856035437 0.0128737541528239 0.00913621262458472 0.00705980066445183 0.00664451827242525
0.00872093023255814 0.000415282392026578 0.0156423034330011 0.0164728682170543 0.0120431893687708 0.0142580287929125 0.0103820598006645 0.0106589147286822 0
0.000692137320044297 0.000553709856035437 0.0125968992248062 0.0215946843853821 0.011766334440753 0.0203488372093023 0.0251937984496124 0.0253322259136213 0.000692137320044297
0.00539867109634551 0.0123200442967885 0.00968992248062015 0.0132890365448505 0.00968992248062015 0.0137043189368771 0.00872093023255814 0.0105204872646733 0.000553709856035437
0.0195182724252492 0.000415282392026578 0.00526024363233666 0.0128737541528239 0.0125968992248062 0.00733665559246955 0.00526024363233666 0.0132890365448505 0.00110741971207087
0.0260243632336656 0.00207641196013289 0.0233942414174972 0.0257475083056478 0.0195182724252492 0.0213178294573643 0.0193798449612403 0.0340531561461794 0.00249169435215947
0.0135658914728682 0.019656699889258 0.0114894795127353 0.0191029900332226 0.0192414174972315 0.0279623477297896 0.0240863787375415 0.0315614617940199 0.0109357696566999
0.0238095238095238 0.0274086378737542 0.0170265780730897 0.011766334440753 0.0339147286821705 0.0325304540420819 0.0264396456256921 0.0152270210409745 0.138565891472868
0.00802879291251384 0.000415282392026578 0.0143964562569214 0.00747508305647841 0.0124584717607973 0.00470653377630122 0.0137043189368771 0.00595238095238095 0.000276854928017719
0.03640642303433 0.000415282392026578 0.0254706533776301 0.0105204872646733 0.0261627906976744 0.0095514950166113 0.018687707641196 0.02062569213732 0.000830564784053156
