0.0384231536926148 0.0144710578842315 0.0479041916167665 0.0499001996007984 0.031437125748503 0.0224550898203593 0.0653692614770459 0.0379241516966068 0.0379241516966068
0.00648702594810379 0.000998003992015968 0.00698602794411178 0.0119760479041916 0.00898203592814371 0.0144710578842315 0.00798403193612774 0.00598802395209581 0.000499001996007984
0.00349301397205589 0.000998003992015968 0.0209580838323353 0.0419161676646707 0.0244510978043912 0.0094810379241517 0.0174650698602794 0.00848303393213573 0
0.0094810379241517 0.000499001996007984 0.0164670658682635 0.030439121756487 0.0179640718562874 0.0124750499001996 0.0144710578842315 0.0264471057884232 0
0.062874251497006 0.00149700598802395 0.0444111776447106 0.0179640718562874 0.0379241516966068 0.0399201596806387 0.0339321357285429 0.0384231536926148 0.00149700598802395
0.0259481037924152 0.000998003992015968 0.0149700598802395 0.0444111776447106 0.0179640718562874 0.0179640718562874 0.0124750499001996 0.0249500998003992 0.000499001996007984
0.00748502994011976 0 0.00499001996007984 0.0104790419161677 0.0109780439121756 0.00449101796407186 0.0144710578842315 0.00998003992015968 0
0.031437125748503 0.0573852295409182 0.030439121756487 0.0199600798403194 0.0379241516966068 0.0479041916167665 0.0234530938123752 0.0139720558882236 0.0728542914171657
0.032435129740519 0 0.00898203592814371 0.0244510978043912 0.0199600798403194 0.0109780439121756 0.0124750499001996 0.0169660678642715 0.00249500998003992
0.0494011976047904 0.245508982035928 0.0449101796407186 0.0254491017964072 0.0543912175648703 0.0723552894211577 0.0469061876247505 0.062375249500998 0.147205588822355
0.0159680638722555 0.0454091816367265 0.0219560878243513 0.00648702594810379 0.00748502994011976 0.0144710578842315 0.0119760479041916 0.0094810379241517 0.0104790419161677
0.0179640718562874 0.00449101796407186 0.030439121756487 0.0264471057884232 0.0149700598802395 0.0219560878243513 0.0169660678642715 0.0109780439121756 0.000499001996007984
0.00199600798403194 0.000499001996007984 0.0144710578842315 0.0204590818363273 0.00998003992015968 0.00748502994011976 0.0159680638722555 0.0179640718562874 0.000499001996007984
0.0094810379241517 0.0144710578842315 0.0134730538922156 0.0129740518962076 0.0114770459081836 0.0254491017964072 0.0134730538922156 0.0189620758483034 0
0.0189620758483034 0.000499001996007984 0.00748502994011976 0.0154690618762475 0.0119760479041916 0.0119760479041916 0.0104790419161677 0.0179640718562874 0.000998003992015968
0.0369261477045908 0.00449101796407186 0.0419161676646707 0.0429141716566866 0.0224550898203593 0.030439121756487 0.030439121756487 0.0389221556886228 0.00698602794411178
0.0164670658682635 0.0214570858283433 0.0154690618762475 0.0219560878243513 0.032435129740519 0.031437125748503 0.0389221556886228 0.0419161676646707 0.0154690618762475
0.0194610778443114 0.0394211576846307 0.0279441117764471 0.0124750499001996 0.0364271457085828 0.0424151696606786 0.030938123752495 0.0134730538922156 0.155189620758483
0.00499001996007984 0.000499001996007984 0.0119760479041916 0.00399201596806387 0.00848303393213573 0.00349301397205589 0.0129740518962076 0.0109780439121756 0.000499001996007984
0.0444111776447106 0.000499001996007984 0.0279441117764471 0.0139720558882236 0.0364271457085828 0.0124750499001996 0.0229540918163673 0.0279441117764471 0.000499001996007984
