0.0264778325123153 0.0375615763546798 0.0498768472906404 0.0301724137931034 0.0252463054187192 0.0314039408866995 0.0283251231527094 0.0190886699507389 0
0.00862068965517241 0.00123152709359606 0.0110837438423645 0.00738916256157635 0.00923645320197044 0.00492610837438424 0.0123152709359606 0.00800492610837438 0
0.0221674876847291 0 0.00985221674876847 0.0258620689655172 0.0153940886699507 0.021551724137931 0.0178571428571429 0.0129310344827586 0
0.0326354679802956 0.00123152709359606 0.00923645320197044 0.0184729064039409 0.0166256157635468 0.0190886699507389 0.0160098522167488 0.0184729064039409 0
0.0197044334975369 0.0135467980295567 0.0535714285714286 0.0270935960591133 0.0258620689655172 0.0264778325123153 0.0375615763546798 0.0289408866995074 0.00123152709359606
0.0123152709359606 0.0061576354679803 0.00923645320197044 0.021551724137931 0.0178571428571429 0.0160098522167488 0.0110837438423645 0.0172413793103448 0
0.0104679802955665 0.00061576354679803 0.00738916256157635 0.00985221674876847 0.00738916256157635 0.0110837438423645 0.0153940886699507 0.00369458128078818 0.00369458128078818
0.0283251231527094 0.0529556650246305 0.0394088669950739 0.0233990147783251 0.0400246305418719 0.0320197044334975 0.0264778325123153 0.0141625615763547 0
0.0153940886699507 0.00123152709359606 0.0240147783251232 0.0233990147783251 0.0160098522167488 0.0172413793103448 0.0166256157635468 0.0283251231527094 0.193965517241379
0.0301724137931034 0.041256157635468 0.0233990147783251 0.0258620689655172 0.0289408866995074 0.0301724137931034 0.0443349753694581 0.0535714285714286 0.00123152709359606
0.0270935960591133 0.0166256157635468 0.021551724137931 0.0141625615763547 0.0129310344827586 0.0129310344827586 0.0283251231527094 0.0135467980295567 0.00061576354679803
0.0178571428571429 0.00738916256157635 0.0197044334975369 0.0258620689655172 0.0295566502463054 0.0221674876847291 0.0135467980295567 0.0283251231527094 0
0.00184729064039409 0.00184729064039409 0.00554187192118227 0.0160098522167488 0.0184729064039409 0.0178571428571429 0.0110837438423645 0.0178571428571429 0
0.00985221674876847 0.00554187192118227 0.0061576354679803 0.0184729064039409 0.00738916256157635 0.0129310344827586 0.00862068965517241 0.0190886699507389 0
0.0116995073891626 0.00061576354679803 0.0061576354679803 0.0147783251231527 0.0153940886699507 0.0190886699507389 0.00985221674876847 0.0190886699507389 0.166871921182266
0.0394088669950739 0.0541871921182266 0.0375615763546798 0.0369458128078818 0.0437192118226601 0.0381773399014778 0.0326354679802956 0.0264778325123153 0
0.0486453201970443 0.0923645320197044 0.0246305418719212 0.0246305418719212 0.0270935960591133 0.0289408866995074 0.0233990147783251 0.0233990147783251 0.00061576354679803
0.021551724137931 0.0714285714285714 0.0197044334975369 0.020320197044335 0.0283251231527094 0.0252463054187192 0.021551724137931 0.021551724137931 0.00184729064039409
0.00369458128078818 0 0.00307881773399015 0.00862068965517241 0.00554187192118227 0.00369458128078818 0.00985221674876847 0.00554187192118227 0.00061576354679803
0.0197044334975369 0.00184729064039409 0.0264778325123153 0.0147783251231527 0.0166256157635468 0.0166256157635468 0.0227832512315271 0.0283251231527094 0.0369458128078818
