0 0 0.00274725274725275 0.010989010989011 0.00274725274725275 0 0.010989010989011 0.0137362637362637 0
0 0 0 0.00274725274725275 0 0 0 0 0
0 0 0.00274725274725275 0.00274725274725275 0 0.00274725274725275 0 0 0
0 0 0 0.010989010989011 0 0.00274725274725275 0 0 0
0.00549450549450549 0 0 0 0 0 0 0 0.0192307692307692
0 0 0 0 0.00549450549450549 0.00274725274725275 0.00549450549450549 0 0
0 0 0.00274725274725275 0 0.00549450549450549 0.00274725274725275 0 0 0
0 0 0 0 0 0.00274725274725275 0 0 0.00274725274725275
0.00274725274725275 0 0.0137362637362637 0 0 0.00274725274725275 0 0 0
0 0.00824175824175824 0 0 0.00274725274725275 0 0.00549450549450549 0.00824175824175824 0.0137362637362637
0.00549450549450549 0.0192307692307692 0 0 0 0 0 0 0
0 0 0 0 0 0.00274725274725275 0 0 0
0 0 0 0.00274725274725275 0.00274725274725275 0 0 0.00549450549450549 0
0.00824175824175824 0.00824175824175824 0.00274725274725275 0.00549450549450549 0 0 0.00549450549450549 0 0
0 0 0.00824175824175824 0.00274725274725275 0.00824175824175824 0.00274725274725275 0 0 0
0 0 0 0 0.00274725274725275 0.010989010989011 0.00549450549450549 0.00824175824175824 0
0 0 0 0 0 0.00274725274725275 0.00274725274725275 0.00274725274725275 0
0 0.00274725274725275 0 0 0.00549450549450549 0 0.00274725274725275 0 0
0.00274725274725275 0 0 0 0.00274725274725275 0 0 0 0
0.0137362637362637 0 0.00549450549450549 0 0 0.00274725274725275 0 0 0.00274725274725275
