0.0330396475770925 0.0352422907488987 0.0462555066079295 0.0242290748898678 0.0440528634361234 0.026431718061674 0.0220264317180617 0.0440528634361234 0.013215859030837
0.00881057268722467 0.00220264317180617 0 0.00881057268722467 0.0308370044052863 0.00220264317180617 0.00881057268722467 0.00881057268722467 0
0 0.00220264317180617 0 0.0242290748898678 0.026431718061674 0.0286343612334802 0.00220264317180617 0.013215859030837 0
0.013215859030837 0.0220264317180617 0.00220264317180617 0.0308370044052863 0.0330396475770925 0.0308370044052863 0.0066079295154185 0.0154185022026432 0
0.092511013215859 0.00220264317180617 0.079295154185022 0.0220264317180617 0.0748898678414097 0.0616740088105727 0.0176211453744493 0.0330396475770925 0.374449339207048
0.00440528634361234 0.00881057268722467 0.0066079295154185 0.0176211453744493 0.0308370044052863 0.0572687224669604 0.00220264317180617 0.0154185022026432 0.00220264317180617
0.00440528634361234 0.00881057268722467 0.0110132158590308 0.0066079295154185 0.026431718061674 0.0110132158590308 0.0154185022026432 0.0286343612334802 0
0.0814977973568282 0.0330396475770925 0.0352422907488987 0.0242290748898678 0.0352422907488987 0.0638766519823789 0.0572687224669604 0.0594713656387665 0.0594713656387665
0.0881057268722467 0.107929515418502 0.0286343612334802 0.0352422907488987 0.0220264317180617 0.0176211453744493 0.0176211453744493 0.0198237885462555 0.00440528634361234
0.079295154185022 0.0903083700440529 0.0242290748898678 0.052863436123348 0.026431718061674 0.052863436123348 0.0881057268722467 0.0286343612334802 0.0770925110132159
0.0154185022026432 0.0748898678414097 0.0154185022026432 0.0550660792951542 0.00440528634361234 0.00881057268722467 0.0176211453744493 0.0066079295154185 0.039647577092511
0.0176211453744493 0.00440528634361234 0.0374449339207048 0.079295154185022 0.0330396475770925 0.00881057268722467 0.129955947136564 0.0198237885462555 0
0 0.013215859030837 0.00440528634361234 0.0330396475770925 0.0352422907488987 0.0352422907488987 0.0154185022026432 0.0418502202643172 0.00220264317180617
0.0066079295154185 0.0991189427312775 0.0110132158590308 0.013215859030837 0.0176211453744493 0.0066079295154185 0.0484581497797357 0.0154185022026432 0
0.0550660792951542 0.013215859030837 0.0374449339207048 0.026431718061674 0.0330396475770925 0.0330396475770925 0.0198237885462555 0.013215859030837 0
0.0638766519823789 0.079295154185022 0.0704845814977974 0.0682819383259912 0.0704845814977974 0.0594713656387665 0.0814977973568282 0.149779735682819 0
0.013215859030837 0.0286343612334802 0.0506607929515418 0.0286343612334802 0.0440528634361234 0.0506607929515418 0.0330396475770925 0.0374449339207048 0
0.0286343612334802 0.0110132158590308 0.10352422907489 0.0462555066079295 0.026431718061674 0.0572687224669604 0.0374449339207048 0.0616740088105727 0.0220264317180617
0.0198237885462555 0.00220264317180617 0.00881057268722467 0.00220264317180617 0.00440528634361234 0 0.00440528634361234 0.00440528634361234 0.00440528634361234
0.0176211453744493 0.00440528634361234 0.0704845814977974 0.0440528634361234 0.0242290748898678 0.0308370044052863 0.0176211453744493 0.026431718061674 0.0440528634361234
