0.00259067357512953 0 0.00518134715025907 0.00518134715025907 0.00518134715025907 0.0077720207253886 0 0 0
0.00259067357512953 0 0 0.00259067357512953 0.00259067357512953 0 0.00259067357512953 0.00259067357512953 0
0.0077720207253886 0 0.0077720207253886 0.00518134715025907 0 0.00518134715025907 0.00259067357512953 0 0
0.00259067357512953 0 0.00518134715025907 0.00518134715025907 0 0.230569948186528 0.0077720207253886 0.00259067357512953 0
0.00518134715025907 0 0.00518134715025907 0.00259067357512953 0.00259067357512953 0.00259067357512953 0.0077720207253886 0.00518134715025907 0.0103626943005181
0.00259067357512953 0 0.00259067357512953 0.0077720207253886 0.0103626943005181 0.00259067357512953 0.00259067357512953 0.00518134715025907 0
0.00259067357512953 0.27979274611399 0 0.00259067357512953 0.00518134715025907 0 0.00259067357512953 0.00259067357512953 0
0.00518134715025907 0 0.233160621761658 0.00518134715025907 0.00259067357512953 0.0077720207253886 0 0.0077720207253886 0.00518134715025907
0.00259067357512953 0.00259067357512953 0 0.00518134715025907 0 0.00259067357512953 0 0.00518134715025907 0
0 0 0.00518134715025907 0.00259067357512953 0.00518134715025907 0.00518134715025907 0.230569948186528 0.0077720207253886 0.266839378238342
0.00518134715025907 0 0 0 0.00259067357512953 0.00518134715025907 0.00259067357512953 0.00259067357512953 0.00259067357512953
0.217616580310881 0 0.00259067357512953 0.217616580310881 0.00259067357512953 0.00518134715025907 0.00259067357512953 0.00259067357512953 0
0 0 0 0.0077720207253886 0.00259067357512953 0 0.00259067357512953 0.00259067357512953 0
0.00259067357512953 0.00259067357512953 0.0077720207253886 0.00259067357512953 0.00259067357512953 0.00259067357512953 0.00518134715025907 0.00259067357512953 0
0.00518134715025907 0.00518134715025907 0.00259067357512953 0.00259067357512953 0 0.00518134715025907 0 0.00259067357512953 0
0.0077720207253886 0 0.00259067357512953 0.00259067357512953 0.00259067357512953 0.00259067357512953 0.00259067357512953 0.225388601036269 0
0.00518134715025907 0 0 0.00259067357512953 0.0103626943005181 0 0.0077720207253886 0.0077720207253886 0
0 0 0.00259067357512953 0.00259067357512953 0.225388601036269 0.00259067357512953 0.00518134715025907 0 0
0.00518134715025907 0 0.00259067357512953 0.00259067357512953 0.00259067357512953 0 0.00259067357512953 0.00259067357512953 0.00518134715025907
0.0077720207253886 0 0.00518134715025907 0.00518134715025907 0.00518134715025907 0.00259067357512953 0.00259067357512953 0.00259067357512953 0
