0 0 0.00833333333333333 0 0 0.00833333333333333 0.0416666666666667 0.025 0
0 0 0 0 0 0 0.00833333333333333 0 0
0.00833333333333333 0 0 0.00833333333333333 0.00833333333333333 0 0 0 0
0.0166666666666667 0 0.0166666666666667 0 0.0333333333333333 0.0333333333333333 0 0.0166666666666667 0
0.0333333333333333 0 0.0166666666666667 0 0.00833333333333333 0 0.00833333333333333 0 0.00833333333333333
0 0 0 0 0 0 0 0 0
0.00833333333333333 0 0 0 0 0 0 0 0
0.0166666666666667 0 0 0.0166666666666667 0 0 0 0 0
0 0 0 0.0166666666666667 0 0.00833333333333333 0 0 0
0 0 0.0166666666666667 0.00833333333333333 0 0 0 0.00833333333333333 0.0833333333333333
0 0 0 0 0 0 0 0 0.00833333333333333
0 0 0.0166666666666667 0 0 0 0 0 0
0 0.0916666666666667 0 0.025 0.0166666666666667 0 0 0.0166666666666667 0
0 0 0 0 0.00833333333333333 0.0333333333333333 0 0 0
0 0 0 0.00833333333333333 0 0 0 0 0
0.00833333333333333 0 0 0 0.00833333333333333 0 0 0.00833333333333333 0
0 0 0.00833333333333333 0.0166666666666667 0 0 0 0 0
0.00833333333333333 0.00833333333333333 0.0166666666666667 0 0 0.0166666666666667 0.0333333333333333 0.025 0
0 0 0 0 0 0 0 0 0
0 0 0 0 0.0166666666666667 0 0.00833333333333333 0 0
