0 0.0526315789473684 0.0526315789473684 0.0263157894736842 0.0131578947368421 0.0657894736842105 0.0394736842105263 0.0263157894736842 0
0 0 0 0 0 0 0 0 0
0 0 0.144736842105263 0.0526315789473684 0.0131578947368421 0.0394736842105263 0 0.0131578947368421 0
0 0 0 0.0789473684210526 0 0 0 0.0263157894736842 0
0.157894736842105 0 0.0131578947368421 0 0.0131578947368421 0 0.0263157894736842 0.0131578947368421 0
0 0 0 0.0131578947368421 0.0526315789473684 0.0394736842105263 0 0 0
0 0 0 0 0 0 0 0 0
0.0263157894736842 0 0 0.0263157894736842 0.0263157894736842 0.0263157894736842 0.0131578947368421 0 0.0394736842105263
0 0 0 0.0263157894736842 0.0131578947368421 0 0.0131578947368421 0.0263157894736842 0
0.0263157894736842 0.105263157894737 0 0.0131578947368421 0.0394736842105263 0.0657894736842105 0.0394736842105263 0.0789473684210526 0.0921052631578947
0.0131578947368421 0.0394736842105263 0.0263157894736842 0 0 0.0131578947368421 0 0.0131578947368421 0.0263157894736842
0 0 0 0.0263157894736842 0.0394736842105263 0.0131578947368421 0.0394736842105263 0 0
0 0 0.0263157894736842 0.0394736842105263 0 0.0263157894736842 0.0131578947368421 0.0921052631578947 0
0 0 0.0131578947368421 0 0.0263157894736842 0.0394736842105263 0.0394736842105263 0 0
0.0263157894736842 0 0 0.0394736842105263 0.0263157894736842 0 0 0.0131578947368421 0
0 0.0526315789473684 0.0131578947368421 0.0131578947368421 0.0131578947368421 0 0.0526315789473684 0.0131578947368421 0
0 0.0657894736842105 0.0131578947368421 0 0.0131578947368421 0 0.0263157894736842 0.0131578947368421 0
0.0131578947368421 0.0394736842105263 0 0 0.0263157894736842 0.0131578947368421 0.0131578947368421 0.0131578947368421 0.131578947368421
0.0131578947368421 0 0 0 0 0 0.0131578947368421 0 0
0.0789473684210526 0 0.0526315789473684 0 0.0394736842105263 0.0131578947368421 0.0263157894736842 0.0131578947368421 0.0657894736842105
