0.0164473684210526 0.00263157894736842 0.0190789473684211 0.0184210526315789 0.0118421052631579 0.00855263157894737 0.0125 0.0118421052631579 0
0.00460526315789474 0.000657894736842105 0.00328947368421053 0.00328947368421053 0.00789473684210526 0.00657894736842105 0.00328947368421053 0.00197368421052632 0
0.00460526315789474 0.00131578947368421 0.000657894736842105 0.0190789473684211 0.00789473684210526 0.00855263157894737 0.00460526315789474 0.00460526315789474 0
0.00394736842105263 0 0.00657894736842105 0.00789473684210526 0.00986842105263158 0.00460526315789474 0.0105263157894737 0.0118421052631579 0
0.0111842105263158 0.043421052631579 0.0138157894736842 0.0118421052631579 0.0105263157894737 0.0190789473684211 0.0203947368421053 0.0125 0.0907894736842105
0.00789473684210526 0.00131578947368421 0.0138157894736842 0.0105263157894737 0.0105263157894737 0.00592105263157895 0.00986842105263158 0.00855263157894737 0
0.00460526315789474 0.000657894736842105 0.00460526315789474 0.00526315789473684 0.00394736842105263 0.00526315789473684 0.0105263157894737 0.00789473684210526 0
0.0144736842105263 0.00197368421052632 0.0302631578947368 0.00921052631578947 0.0164473684210526 0.0118421052631579 0.00855263157894737 0.00723684210526316 0.0361842105263158
0.0111842105263158 0 0.00789473684210526 0.0164473684210526 0.00723684210526316 0.00657894736842105 0.00460526315789474 0.025 0.00592105263157895
0.0171052631578947 0.0138157894736842 0.0361842105263158 0.0131578947368421 0.0184210526315789 0.0269736842105263 0.0197368421052632 0.0236842105263158 0.0480263157894737
0.0184210526315789 0.00921052631578947 0.0105263157894737 0.00592105263157895 0.00460526315789474 0.00394736842105263 0.00592105263157895 0.00592105263157895 0.00394736842105263
0.00789473684210526 0.00131578947368421 0.00855263157894737 0.0151315789473684 0.0269736842105263 0.0105263157894737 0.0223684210526316 0.00986842105263158 0
0.00855263157894737 0.00131578947368421 0.00328947368421053 0.0131578947368421 0.00328947368421053 0.0111842105263158 0.00986842105263158 0.00592105263157895 0
0.00592105263157895 0.00526315789473684 0.0105263157894737 0.00921052631578947 0.000657894736842105 0.00526315789473684 0.00657894736842105 0.0118421052631579 0
0.0111842105263158 0.00328947368421053 0.00526315789473684 0.00986842105263158 0.0111842105263158 0.0105263157894737 0.00131578947368421 0.00657894736842105 0
0.00986842105263158 0.00328947368421053 0.00657894736842105 0.0164473684210526 0.0171052631578947 0.0125 0.00921052631578947 0.0125 0.000657894736842105
0.0190789473684211 0.00657894736842105 0.00789473684210526 0.00526315789473684 0.0151315789473684 0.025 0.0118421052631579 0.0210526315789474 0.00131578947368421
0.0118421052631579 0.00592105263157895 0.00986842105263158 0.00986842105263158 0.0157894736842105 0.00855263157894737 0.00921052631578947 0.00855263157894737 0.00263157894736842
0.00592105263157895 0.0203947368421053 0.00197368421052632 0.00460526315789474 0.00657894736842105 0.00197368421052632 0.0151315789473684 0.00460526315789474 0.0138157894736842
0.0171052631578947 0.0894736842105263 0.0111842105263158 0.00723684210526316 0.00592105263157895 0.0184210526315789 0.0157894736842105 0.00986842105263158 0.00855263157894737
