0.00317124735729387 0.00422832980972516 0.0116279069767442 0.0116279069767442 0 0.00528541226215645 0.00211416490486258 0.00105708245243129 0
0.00105708245243129 0.00105708245243129 0.00211416490486258 0 0 0.00105708245243129 0.00105708245243129 0.00211416490486258 0
0 0.00105708245243129 0.0169133192389006 0.00739957716701903 0.00105708245243129 0.00528541226215645 0.00211416490486258 0.00317124735729387 0
0.00317124735729387 0 0.00317124735729387 0.00951374207188161 0.00739957716701903 0.00211416490486258 0 0.00739957716701903 0.00105708245243129
0.00422832980972516 0.00211416490486258 0.0126849894291755 0.00634249471458774 0.0105708245243129 0.0126849894291755 0.00528541226215645 0.0179704016913319 0.00951374207188161
0.00211416490486258 0 0.00845665961945032 0.00845665961945032 0.0116279069767442 0.00739957716701903 0.0137420718816068 0.00739957716701903 0
0.00105708245243129 0 0.00317124735729387 0.00317124735729387 0.00105708245243129 0.00317124735729387 0.00317124735729387 0 0.00528541226215645
0.00422832980972516 0.00634249471458774 0.00634249471458774 0.00317124735729387 0.0126849894291755 0.00422832980972516 0.00105708245243129 0.00528541226215645 0
0.0179704016913319 0.00105708245243129 0.00211416490486258 0.00951374207188161 0.00105708245243129 0.00105708245243129 0 0.00105708245243129 0
0.00528541226215645 0.0179704016913319 0.00739957716701903 0.00317124735729387 0.00951374207188161 0.00951374207188161 0.0380549682875264 0.0147991543340381 0.00211416490486258
0.00845665961945032 0.00105708245243129 0.00105708245243129 0.00422832980972516 0.00317124735729387 0.00634249471458774 0.00634249471458774 0.00634249471458774 0.00211416490486258
0.00317124735729387 0.00211416490486258 0.00634249471458774 0.00634249471458774 0.00211416490486258 0.00211416490486258 0.00211416490486258 0.00528541226215645 0
0 0.00105708245243129 0.00211416490486258 0.00317124735729387 0.00739957716701903 0.00422832980972516 0.00211416490486258 0.00317124735729387 0
0.00211416490486258 0.00105708245243129 0.00422832980972516 0.00211416490486258 0.00634249471458774 0.00105708245243129 0.00105708245243129 0.00211416490486258 0
0.0126849894291755 0 0.00422832980972516 0.0105708245243129 0.00739957716701903 0.00528541226215645 0.00105708245243129 0.00528541226215645 0
0.00845665961945032 0.0126849894291755 0.00317124735729387 0.00317124735729387 0.00317124735729387 0.00739957716701903 0.00634249471458774 0.00951374207188161 0
0.00317124735729387 0.03276955602537 0.00422832980972516 0.00422832980972516 0.00211416490486258 0.0169133192389006 0.00211416490486258 0.00634249471458774 0
0.00951374207188161 0.0179704016913319 0.00211416490486258 0.00422832980972516 0.00422832980972516 0.00634249471458774 0.00422832980972516 0.00105708245243129 0.00105708245243129
0.00105708245243129 0.00105708245243129 0.00211416490486258 0.00211416490486258 0.00845665961945032 0.00211416490486258 0.00845665961945032 0 0
0.0137420718816068 0.00105708245243129 0.00105708245243129 0.00211416490486258 0.00528541226215645 0.00105708245243129 0.00422832980972516 0.00528541226215645 0.0835095137420719
