0.0131118881118881 0.034965034965035 0.0236013986013986 0.0262237762237762 0.0183566433566434 0.0148601398601399 0.0227272727272727 0.0192307692307692 0
0.0034965034965035 0.000874125874125874 0.00262237762237762 0.0034965034965035 0.0034965034965035 0.00262237762237762 0.0034965034965035 0.0034965034965035 0
0.00174825174825175 0 0.0113636363636364 0.0122377622377622 0.00437062937062937 0.0201048951048951 0.00611888111888112 0.00786713286713287 0
0.00437062937062937 0 0.00961538461538462 0.0192307692307692 0.0122377622377622 0.00437062937062937 0.00699300699300699 0.0122377622377622 0
0.00961538461538462 0.000874125874125874 0.0227272727272727 0.00874125874125874 0.0122377622377622 0.00611888111888112 0.0183566433566434 0.013986013986014 0.069055944055944
0.0104895104895105 0.0034965034965035 0.00786713286713287 0.0253496503496503 0.0297202797202797 0.0244755244755245 0.0157342657342657 0.0270979020979021 0
0.00699300699300699 0 0.00611888111888112 0.00874125874125874 0.00874125874125874 0.013986013986014 0.0157342657342657 0.00786713286713287 0
0.034965034965035 0.00961538461538462 0.0227272727272727 0.0113636363636364 0.0174825174825175 0.0174825174825175 0.0131118881118881 0.00874125874125874 0.00874125874125874
0.0437062937062937 0 0.00262237762237762 0.0122377622377622 0.0104895104895105 0.00874125874125874 0.00786713286713287 0.00961538461538462 0.00174825174825175
0.0131118881118881 0.0174825174825175 0.0227272727272727 0.020979020979021 0.0122377622377622 0.0192307692307692 0.0445804195804196 0.0192307692307692 0.0437062937062937
0.0131118881118881 0.00786713286713287 0.00961538461538462 0.00437062937062937 0.0034965034965035 0.0113636363636364 0.00611888111888112 0.00874125874125874 0.0166083916083916
0.00262237762237762 0.000874125874125874 0.00786713286713287 0.00786713286713287 0.0183566433566434 0.0104895104895105 0.00699300699300699 0.00437062937062937 0
0.000874125874125874 0.00524475524475524 0.00262237762237762 0.0288461538461538 0.0166083916083916 0.0131118881118881 0.0113636363636364 0.0183566433566434 0
0.00524475524475524 0.00786713286713287 0.000874125874125874 0.0157342657342657 0.00874125874125874 0.00786713286713287 0.013986013986014 0.0122377622377622 0
0.0323426573426573 0 0.0288461538461538 0.00786713286713287 0.0192307692307692 0.00786713286713287 0.00699300699300699 0.0104895104895105 0.00262237762237762
0.0174825174825175 0.0743006993006993 0.0157342657342657 0.0201048951048951 0.0236013986013986 0.020979020979021 0.0183566433566434 0.0183566433566434 0
0.00699300699300699 0.0594405594405594 0.0104895104895105 0.00611888111888112 0.0122377622377622 0.0183566433566434 0.0166083916083916 0.0244755244755245 0
0.0113636363636364 0.0305944055944056 0.0122377622377622 0.00786713286713287 0.0148601398601399 0.00874125874125874 0.00611888111888112 0.0122377622377622 0.00699300699300699
0.00961538461538462 0 0.0113636363636364 0.00437062937062937 0.00437062937062937 0.00874125874125874 0.0104895104895105 0.00437062937062937 0.0375874125874126
0.0174825174825175 0.00524475524475524 0.0270979020979021 0.00699300699300699 0.00786713286713287 0.0192307692307692 0.00699300699300699 0.0157342657342657 0.0716783216783217
