0.0114503816793893 0 0.0190839694656489 0.0114503816793893 0.0152671755725191 0 0.0267175572519084 0.0343511450381679 0
0 0 0 0.00381679389312977 0 0 0 0 0
0 0 0 0.00381679389312977 0 0 0.00381679389312977 0 0
0 0 0 0.00381679389312977 0 0 0 0 0
0.0114503816793893 0 0.0114503816793893 0.00381679389312977 0.00381679389312977 0.00763358778625954 0.0152671755725191 0 0.0458015267175573
0 0 0 0.00763358778625954 0.0229007633587786 0.00381679389312977 0.00381679389312977 0.00381679389312977 0
0.00381679389312977 0 0 0.00763358778625954 0.0152671755725191 0.00381679389312977 0.00763358778625954 0 0
0 0 0.00381679389312977 0.00381679389312977 0.00763358778625954 0.00381679389312977 0.0114503816793893 0.00381679389312977 0.0114503816793893
0 0 0.00381679389312977 0.00381679389312977 0 0.00381679389312977 0 0 0
0.00381679389312977 0.00381679389312977 0 0.0114503816793893 0.00381679389312977 0.00381679389312977 0.0114503816793893 0 0.0229007633587786
0.0343511450381679 0 0.0152671755725191 0.00381679389312977 0.00763358778625954 0.0114503816793893 0 0 0.0152671755725191
0 0 0.00381679389312977 0.00381679389312977 0 0 0.00381679389312977 0 0
0 0.099236641221374 0 0.00381679389312977 0 0.00763358778625954 0.00763358778625954 0.0458015267175573 0
0 0.00381679389312977 0 0.0114503816793893 0 0.00763358778625954 0 0 0
0.0190839694656489 0 0.0305343511450382 0.00381679389312977 0.0152671755725191 0.0229007633587786 0 0 0
0 0 0 0.0152671755725191 0 0.0114503816793893 0.0114503816793893 0.0114503816793893 0
0 0 0 0.00381679389312977 0.00381679389312977 0.0114503816793893 0 0.0114503816793893 0
0.00381679389312977 0.00381679389312977 0.00381679389312977 0 0.00763358778625954 0 0 0 0.00763358778625954
0.00381679389312977 0 0.00763358778625954 0.00381679389312977 0.00381679389312977 0.00381679389312977 0 0 0
0.0190839694656489 0 0.0114503816793893 0 0.00381679389312977 0.00763358778625954 0.00763358778625954 0 0.00763358778625954
