0.0126582278481013 0.0126582278481013 0.0379746835443038 0.0379746835443038 0.0126582278481013 0.0759493670886076 0 0.0126582278481013 0
0 0 0 0 0.0126582278481013 0 0 0 0
0 0 0.0126582278481013 0 0.0126582278481013 0 0 0 0
0 0 0 0 0 0 0 0.0126582278481013 0
0 0 0 0 0 0 0.0379746835443038 0 0.0126582278481013
0 0 0 0 0 0 0 0 0
0 0 0 0 0 0 0 0 0
0.0379746835443038 0 0 0 0 0 0 0.0126582278481013 0
0 0 0 0.0126582278481013 0 0 0 0 0
0 0.0253164556962025 0 0 0 0 0.0253164556962025 0.0126582278481013 0.113924050632911
0 0.0886075949367089 0 0 0 0 0 0 0
0 0 0 0 0 0 0 0 0
0 0 0.0506329113924051 0.0506329113924051 0 0 0.0253164556962025 0 0
0.0126582278481013 0 0 0 0 0 0.0126582278481013 0 0
0.0253164556962025 0 0.0126582278481013 0.0126582278481013 0.0506329113924051 0 0.0253164556962025 0.0126582278481013 0
0 0 0.0126582278481013 0.0126582278481013 0.0126582278481013 0.0126582278481013 0 0.0126582278481013 0
0.0126582278481013 0 0 0 0.0126582278481013 0.0253164556962025 0 0.0126582278481013 0
0.0253164556962025 0 0 0 0.0126582278481013 0 0 0.0379746835443038 0
0 0 0 0 0 0.0126582278481013 0 0 0
0 0 0 0 0 0 0 0 0
