0.0318021201413428 0.00353356890459364 0.0247349823321555 0.0212014134275618 0.0270906949352179 0.0212014134275618 0.032979976442874 0.0294464075382803 0.0294464075382803
0.00353356890459364 0 0.00235571260306243 0.00824499411071849 0.00824499411071849 0.00353356890459364 0.0106007067137809 0.00353356890459364 0.00588928150765607
0.00471142520612485 0 0.0412249705535925 0.0671378091872792 0.0153121319199058 0.0176678445229682 0.0106007067137809 0.0129564193168433 0
0.00824499411071849 0.00471142520612485 0.00824499411071849 0.0683156654888104 0.00824499411071849 0.0117785630153121 0.0153121319199058 0.0235571260306243 0.00117785630153121
0.0459363957597173 0.00706713780918728 0.0282685512367491 0.00706713780918728 0.0129564193168433 0.0212014134275618 0.0400471142520612 0.0259128386336867 0.0129564193168433
0.0247349823321555 0.00471142520612485 0.0200235571260306 0.0376914016489988 0.03886925795053 0.0270906949352179 0.0176678445229682 0.0376914016489988 0.00235571260306243
0.00471142520612485 0 0.0117785630153121 0.00235571260306243 0.0106007067137809 0.016489988221437 0.0247349823321555 0.0200235571260306 0
0.00824499411071849 0.0259128386336867 0.016489988221437 0.0117785630153121 0.0200235571260306 0.0459363957597173 0.032979976442874 0.00353356890459364 0.0424028268551237
0.0318021201413428 0 0.0094228504122497 0.0117785630153121 0.0117785630153121 0.00588928150765607 0.0153121319199058 0.0153121319199058 0.00588928150765607
0.0306242638398115 0.181389870435807 0.03886925795053 0.0117785630153121 0.016489988221437 0.0435806831566549 0.0200235571260306 0.0212014134275618 0.0942285041224971
0.0153121319199058 0.0671378091872792 0.0153121319199058 0.00471142520612485 0.00824499411071849 0.0129564193168433 0.00588928150765607 0.0106007067137809 0.00824499411071849
0.0129564193168433 0.00117785630153121 0.0141342756183746 0.0129564193168433 0.0200235571260306 0.0094228504122497 0.0117785630153121 0.0129564193168433 0.00117785630153121
0.00117785630153121 0.00235571260306243 0.0200235571260306 0.0365135453474676 0.0282685512367491 0.0106007067137809 0.0259128386336867 0.0282685512367491 0.00117785630153121
0.00588928150765607 0.0259128386336867 0.0176678445229682 0.0141342756183746 0.0106007067137809 0.0117785630153121 0.0153121319199058 0.00824499411071849 0.00353356890459364
0.0153121319199058 0.00117785630153121 0.0117785630153121 0.0117785630153121 0.0188457008244994 0.0117785630153121 0.00706713780918728 0.0212014134275618 0
0.0306242638398115 0.00353356890459364 0.0129564193168433 0.0223792697290931 0.0212014134275618 0.0318021201413428 0.0117785630153121 0.0259128386336867 0.00706713780918728
0.0106007067137809 0.0200235571260306 0.0106007067137809 0.00235571260306243 0.0188457008244994 0.0188457008244994 0.0176678445229682 0.0282685512367491 0.016489988221437
0.0270906949352179 0.0235571260306243 0.0117785630153121 0.00235571260306243 0.0259128386336867 0.0282685512367491 0.0188457008244994 0.0188457008244994 0.134275618374558
0.0141342756183746 0 0.0153121319199058 0.0129564193168433 0.0235571260306243 0.0094228504122497 0.0212014134275618 0.00471142520612485 0
0.0482921083627797 0.00353356890459364 0.0447585394581861 0.00824499411071849 0.0306242638398115 0.016489988221437 0.0200235571260306 0.0235571260306243 0.0094228504122497
