0.0277372262773723 0.00072992700729927 0.0072992700729927 0.0138686131386861 0.0116788321167883 0.00875912408759124 0.00583941605839416 0.00948905109489051 0.00364963503649635
0.00218978102189781 0 0 0.00291970802919708 0.00364963503649635 0.00291970802919708 0.00291970802919708 0.00510948905109489 0.00072992700729927
0.00218978102189781 0.00875912408759124 0.00072992700729927 0.0102189781021898 0.00437956204379562 0.00583941605839416 0.00218978102189781 0.00364963503649635 0
0.00948905109489051 0.124817518248175 0.00364963503649635 0.0072992700729927 0.00802919708029197 0.00364963503649635 0.00291970802919708 0.00437956204379562 0
0.00291970802919708 0.00072992700729927 0.0072992700729927 0.00291970802919708 0.00510948905109489 0.00145985401459854 0.00145985401459854 0.00656934306569343 0.0153284671532847
0.0102189781021898 0 0.00802919708029197 0.00802919708029197 0.00510948905109489 0.0116788321167883 0.00510948905109489 0.0072992700729927 0.00583941605839416
0.00364963503649635 0 0.00656934306569343 0.00218978102189781 0.00145985401459854 0.00656934306569343 0.00291970802919708 0.00802919708029197 0
0.00364963503649635 0 0.0153284671532847 0.00875912408759124 0.00875912408759124 0.00802919708029197 0.00948905109489051 0.00583941605839416 0.0204379562043796
0.0102189781021898 0 0.00656934306569343 0.00802919708029197 0.0072992700729927 0.00364963503649635 0.00875912408759124 0.00583941605839416 0.00072992700729927
0.0072992700729927 0.00072992700729927 0.0124087591240876 0.0160583941605839 0.018978102189781 0.0072992700729927 0.0145985401459854 0.0145985401459854 0.0255474452554745
0.00875912408759124 0 0.0153284671532847 0.00072992700729927 0.0072992700729927 0.00656934306569343 0.00072992700729927 0.00583941605839416 0.0072992700729927
0.00656934306569343 0 0.0182481751824818 0.00583941605839416 0.00510948905109489 0.00656934306569343 0.00437956204379562 0.0102189781021898 0
0.00072992700729927 0 0.00218978102189781 0.00291970802919708 0.0124087591240876 0.00583941605839416 0.0072992700729927 0.00291970802919708 0
0.00437956204379562 0.00072992700729927 0.00291970802919708 0.0116788321167883 0.00145985401459854 0.00875912408759124 0.0102189781021898 0.00510948905109489 0
0.00291970802919708 0 0.00364963503649635 0.00072992700729927 0.00510948905109489 0.00291970802919708 0.00875912408759124 0.00583941605839416 0
0.0131386861313869 0 0.00875912408759124 0.0116788321167883 0.0138686131386861 0.0109489051094891 0.0131386861313869 0.0124087591240876 0
0.00802919708029197 0 0.00510948905109489 0.00583941605839416 0.00437956204379562 0.0109489051094891 0.00948905109489051 0.0102189781021898 0.00291970802919708
0.00583941605839416 0 0.00802919708029197 0.00875912408759124 0.00291970802919708 0.0145985401459854 0.00875912408759124 0.00583941605839416 0.00510948905109489
0.00291970802919708 0 0.00218978102189781 0.00364963503649635 0.00583941605839416 0.00291970802919708 0.0116788321167883 0.00145985401459854 0.0299270072992701
0.00364963503649635 0 0.00218978102189781 0.00437956204379562 0.00364963503649635 0.00656934306569343 0.00583941605839416 0.00583941605839416 0.018978102189781
