0.0287037037037037 0.0166666666666667 0.0324074074074074 0.0203703703703704 0.0203703703703704 0.012962962962963 0.0268518518518519 0.0231481481481481 0.00185185185185185
0.00925925925925926 0.00740740740740741 0.00277777777777778 0.000925925925925926 0.00555555555555556 0.00185185185185185 0.00185185185185185 0.00648148148148148 0.000925925925925926
0.00462962962962963 0.00185185185185185 0.0157407407407407 0.0175925925925926 0.0101851851851852 0.0148148148148148 0.00648148148148148 0.00833333333333333 0
0.00648148148148148 0.00185185185185185 0.0185185185185185 0.012962962962963 0.0138888888888889 0.0101851851851852 0.00462962962962963 0.0138888888888889 0
0.00833333333333333 0.00925925925925926 0.0138888888888889 0.012037037037037 0.0231481481481481 0.0166666666666667 0.0157407407407407 0.0175925925925926 0.00833333333333333
0.00925925925925926 0.0175925925925926 0.0138888888888889 0.0138888888888889 0.0157407407407407 0.0268518518518519 0.0324074074074074 0.0148148148148148 0
0.00925925925925926 0.00648148148148148 0.00277777777777778 0.00833333333333333 0.00185185185185185 0.00462962962962963 0.0175925925925926 0.00925925925925926 0
0.0231481481481481 0.0111111111111111 0.0175925925925926 0.0175925925925926 0.0111111111111111 0.0240740740740741 0.00833333333333333 0.0111111111111111 0.00648148148148148
0.037037037037037 0.00555555555555556 0.0138888888888889 0.0138888888888889 0.012037037037037 0.0111111111111111 0.00648148148148148 0.0111111111111111 0.000925925925925926
0.0259259259259259 0.0148148148148148 0.0138888888888889 0.0175925925925926 0.0222222222222222 0.0222222222222222 0.0277777777777778 0.025 0.012962962962963
0.0101851851851852 0.0166666666666667 0.00740740740740741 0.0101851851851852 0.00925925925925926 0.00833333333333333 0.0138888888888889 0.00925925925925926 0.00277777777777778
0.00462962962962963 0.000925925925925926 0.0212962962962963 0.012962962962963 0.0175925925925926 0.0166666666666667 0.0148148148148148 0.012962962962963 0
0.00185185185185185 0.00925925925925926 0.0111111111111111 0.0157407407407407 0.00740740740740741 0.00925925925925926 0.0138888888888889 0.00555555555555556 0.000925925925925926
0.00462962962962963 0.0101851851851852 0.0166666666666667 0.0101851851851852 0.012962962962963 0.0157407407407407 0.00833333333333333 0.00740740740740741 0.000925925925925926
0.0138888888888889 0.00185185185185185 0.00740740740740741 0.012037037037037 0.012962962962963 0.0157407407407407 0.012962962962963 0.012962962962963 0
0.0175925925925926 0.0388888888888889 0.0361111111111111 0.0222222222222222 0.0148148148148148 0.0185185185185185 0.0157407407407407 0.0268518518518519 0
0.012962962962963 0.0425925925925926 0.00555555555555556 0.0185185185185185 0.0222222222222222 0.0111111111111111 0.0101851851851852 0.0175925925925926 0.000925925925925926
0.025 0.0231481481481481 0.00925925925925926 0.0175925925925926 0.0185185185185185 0.0166666666666667 0.0148148148148148 0.0194444444444444 0.00833333333333333
0.00462962962962963 0.00833333333333333 0.0037037037037037 0.00555555555555556 0.00740740740740741 0.00185185185185185 0.00462962962962963 0.00277777777777778 0.00277777777777778
0.012037037037037 0.025 0.00555555555555556 0.00925925925925926 0.0101851851851852 0.0101851851851852 0.012037037037037 0.0138888888888889 0.221296296296296
