0.00615006150061501 0.019270192701927 0.011480114801148 0.013940139401394 0.00492004920049201 0.00984009840098401 0.026240262402624 0.047150471504715 0.010250102501025
0.002460024600246 0.001640016400164 0.000820008200082001 0.003690036900369 0.000820008200082001 0.002870028700287 0.00492004920049201 0.00533005330053301 0.000410004100041
0.003280032800328 0.001230012300123 0 0.00574005740057401 0.003280032800328 0.004510045100451 0.002050020500205 0.00533005330053301 0
0.015990159901599 0.002870028700287 0.002870028700287 0.011070110701107 0.001640016400164 0.001640016400164 0.011480114801148 0.00902009020090201 0.002460024600246
0.027060270602706 0.010250102501025 0.00820008200082001 0.00984009840098401 0.00820008200082001 0.044280442804428 0.00574005740057401 0.00697006970069701 0.035260352603526
0.00738007380073801 0.00492004920049201 0.004510045100451 0.00656006560065601 0.00410004100041 0.00820008200082001 0.00656006560065601 0.00861008610086101 0.002050020500205
0.00820008200082001 0.001230012300123 0.00779007790077901 0.00574005740057401 0.019680196801968 0.00779007790077901 0.010660106601066 0.004510045100451 0.000410004100041
0.011070110701107 0.017630176301763 0.01230012300123 0.00984009840098401 0.010660106601066 0.01640016400164 0.003690036900369 0.014760147601476 0.033210332103321
0.00615006150061501 0.004510045100451 0.0651906519065191 0.027060270602706 0.045510455104551 0.015990159901599 0.012710127101271 0.004510045100451 0
0.021320213202132 0.0606806068060681 0.017220172201722 0.022960229602296 0.012710127101271 0.020910209102091 0.030340303403034 0.00697006970069701 0.111111111111111
0.027060270602706 0.022550225502255 0.018040180401804 0.00984009840098401 0.002870028700287 0.001640016400164 0.00820008200082001 0.003280032800328 0.017630176301763
0.011890118901189 0.00861008610086101 0.004510045100451 0.010660106601066 0.004510045100451 0.00861008610086101 0.015170151701517 0.002460024600246 0
0.000820008200082001 0.042230422304223 0.001230012300123 0.00779007790077901 0.001230012300123 0.00943009430094301 0.00615006150061501 0.026240262402624 0.000410004100041
0.00492004920049201 0.00410004100041 0.003690036900369 0.00902009020090201 0.00410004100041 0.00697006970069701 0.013940139401394 0.004510045100451 0.000410004100041
0.017630176301763 0.014350143501435 0.0574005740057401 0.036080360803608 0.0877408774087741 0.031570315703157 0.014760147601476 0.013530135301353 0
0.026650266502665 0.00697006970069701 0.00615006150061501 0.011890118901189 0.00615006150061501 0.013940139401394 0.01640016400164 0.035670356703567 0.000820008200082001
0.00779007790077901 0.003280032800328 0.003280032800328 0.014760147601476 0.00656006560065601 0.014350143501435 0.01640016400164 0.01640016400164 0.001640016400164
0.00492004920049201 0.011070110701107 0.004510045100451 0.00902009020090201 0.00492004920049201 0.011070110701107 0.01230012300123 0.018450184501845 0.021320213202132
0.00738007380073801 0.000820008200082001 0.001230012300123 0.00410004100041 0.001640016400164 0.002460024600246 0.00820008200082001 0.002460024600246 0.000410004100041
0.021320213202132 0.001230012300123 0.00902009020090201 0.00984009840098401 0.00820008200082001 0.00697006970069701 0.013530135301353 0.003280032800328 0.001640016400164
