0.0324803149606299 0.0200131233595801 0.0426509186351706 0.0383858267716535 0.0334645669291339 0.0196850393700787 0.0465879265091864 0.041010498687664 0.0347769028871391
0.00393700787401575 0.000656167979002625 0.00492125984251968 0.0111548556430446 0.00853018372703412 0.00984251968503937 0.00853018372703412 0.00656167979002625 0.000984251968503937
0.0026246719160105 0.000328083989501312 0.0213254593175853 0.0416666666666667 0.0236220472440945 0.0134514435695538 0.0124671916010499 0.00590551181102362 0
0.00623359580052493 0.00426509186351706 0.00492125984251968 0.0364173228346457 0.00951443569553806 0.00754593175853018 0.0121391076115486 0.0216535433070866 0.00196850393700787
0.0652887139107612 0.00295275590551181 0.0364173228346457 0.0137795275590551 0.0236220472440945 0.0439632545931759 0.036745406824147 0.0400262467191601 0.0150918635170604
0.0173884514435696 0.00131233595800525 0.0114829396325459 0.0393700787401575 0.0269028871391076 0.0183727034120735 0.00984251968503937 0.0334645669291339 0.000328083989501312
0.00557742782152231 0.000328083989501312 0.00426509186351706 0.0111548556430446 0.010498687664042 0.00754593175853018 0.0154199475065617 0.0121391076115486 0.000984251968503937
0.0252624671916011 0.0446194225721785 0.0354330708661417 0.0147637795275591 0.0308398950131234 0.0390419947506562 0.0288713910761155 0.010498687664042 0.05249343832021
0.0331364829396325 0.000328083989501312 0.0078740157480315 0.0200131233595801 0.015748031496063 0.00721784776902887 0.00853018372703412 0.0124671916010499 0.00360892388451444
0.0406824146981627 0.150262467191601 0.0528215223097113 0.0219816272965879 0.0393700787401575 0.0669291338582677 0.0436351706036745 0.0479002624671916 0.100721784776903
0.0187007874015748 0.036745406824147 0.0252624671916011 0.00754593175853018 0.00688976377952756 0.0147637795275591 0.0154199475065617 0.00951443569553806 0.0108267716535433
0.0147637795275591 0.00196850393700787 0.0223097112860892 0.0196850393700787 0.0160761154855643 0.0187007874015748 0.0147637795275591 0.00853018372703412 0
0.00164041994750656 0.00360892388451444 0.0137795275590551 0.0272309711286089 0.0127952755905512 0.00951443569553806 0.0203412073490814 0.0252624671916011 0.000328083989501312
0.00820209973753281 0.041994750656168 0.00656167979002625 0.00885826771653543 0.00984251968503937 0.0147637795275591 0.00984251968503937 0.00754593175853018 0
0.0206692913385827 0.00164041994750656 0.0101706036745407 0.0124671916010499 0.0160761154855643 0.00820209973753281 0.0078740157480315 0.0124671916010499 0.00295275590551181
0.0242782152230971 0.00885826771653543 0.0272309711286089 0.031496062992126 0.0259186351706037 0.0311679790026247 0.0216535433070866 0.0324803149606299 0.00623359580052493
0.0134514435695538 0.0347769028871391 0.0118110236220472 0.0183727034120735 0.0275590551181102 0.0272309711286089 0.0328083989501312 0.0337926509186352 0.0170603674540682
0.0206692913385827 0.0498687664041995 0.0259186351706037 0.0131233595800525 0.0354330708661417 0.0318241469816273 0.0259186351706037 0.0127952755905512 0.151246719160105
0.0101706036745407 0.000656167979002625 0.0144356955380577 0.00688976377952756 0.010498687664042 0.00688976377952756 0.0183727034120735 0.00951443569553806 0.000984251968503937
0.0423228346456693 0.00229658792650919 0.0278871391076115 0.0131233595800525 0.0242782152230971 0.0108267716535433 0.0177165354330709 0.0239501312335958 0.00688976377952756
