0.00601684717208183 0.0385078219013237 0.022864019253911 0.0168471720818291 0.0192539109506619 0.0204572803850782 0.0216606498194946 0.0336943441636582 0.00240673886883273
0.01323706377858 0 0.00120336943441637 0.00842358604091456 0.00481347773766546 0.00120336943441637 0.00240673886883273 0.00481347773766546 0
0.00601684717208183 0 0.0120336943441637 0.0192539109506619 0.0180505415162455 0.0180505415162455 0.00842358604091456 0.00962695547533093 0
0.0156438026474128 0.00120336943441637 0.0156438026474128 0.0252707581227437 0.01323706377858 0.0192539109506619 0.022864019253911 0.01323706377858 0.00120336943441637
0.0445246690734055 0 0.0168471720818291 0.01323706377858 0.01323706377858 0.0192539109506619 0.0168471720818291 0.0120336943441637 0.0529482551143201
0.00601684717208183 0.00481347773766546 0.0192539109506619 0.01323706377858 0.0180505415162455 0.01323706377858 0.00240673886883273 0.00240673886883273 0
0.0144404332129964 0 0.00962695547533093 0.00601684717208183 0.0036101083032491 0 0.0108303249097473 0.0072202166064982 0
0.0252707581227437 0.00120336943441637 0.0252707581227437 0.0192539109506619 0.0276774969915764 0.0180505415162455 0.00481347773766546 0.0312876052948255 0.0685920577617329
0.00481347773766546 0.00120336943441637 0.0036101083032491 0.0144404332129964 0.0120336943441637 0.0120336943441637 0.00601684717208183 0.0168471720818291 0
0.0529482551143201 0.00240673886883273 0.0204572803850782 0.0120336943441637 0.0421179302045728 0.0276774969915764 0.0397111913357401 0.0373044524669073 0.0517448856799037
0.0421179302045728 0 0.0180505415162455 0.0108303249097473 0.01323706377858 0.0072202166064982 0.01323706377858 0.00601684717208183 0.0288808664259928
0.00962695547533093 0 0.0192539109506619 0.0120336943441637 0.00962695547533093 0.0120336943441637 0.0144404332129964 0.0120336943441637 0
0 0.244283995186522 0.0036101083032491 0.0180505415162455 0.0156438026474128 0.0120336943441637 0.0192539109506619 0.022864019253911 0
0.0108303249097473 0.00120336943441637 0.0072202166064982 0.0120336943441637 0.0156438026474128 0.0252707581227437 0.0108303249097473 0.00842358604091456 0
0.0036101083032491 0 0.00240673886883273 0.0108303249097473 0.0072202166064982 0.00962695547533093 0.00962695547533093 0.00842358604091456 0
0.00601684717208183 0.0036101083032491 0.0204572803850782 0.0324909747292419 0.0180505415162455 0.0312876052948255 0.0192539109506619 0.0192539109506619 0
0.0252707581227437 0.00481347773766546 0.0312876052948255 0.0276774969915764 0.0276774969915764 0.0180505415162455 0.0252707581227437 0.0312876052948255 0.00120336943441637
0.0108303249097473 0.00481347773766546 0.0373044524669073 0.0168471720818291 0.0120336943441637 0.0312876052948255 0.0276774969915764 0.0180505415162455 0.0168471720818291
0.00240673886883273 0 0.00481347773766546 0.0108303249097473 0.00481347773766546 0.00842358604091456 0.0120336943441637 0.00601684717208183 0.0565583634175692
0.00842358604091456 0 0.0168471720818291 0.00842358604091456 0.0120336943441637 0.0036101083032491 0.0204572803850782 0.0072202166064982 0.0276774969915764
