0.00689655172413793 0.268965517241379 0.137931034482759 0.110344827586207 0.0620689655172414 0.0758620689655172 0.0827586206896552 0.179310344827586 0.0137931034482759
0 0 0.00689655172413793 0.0275862068965517 0.0344827586206897 0.00689655172413793 0.0137931034482759 0 0
0.00689655172413793 0 0.0206896551724138 0.131034482758621 0.0275862068965517 0.00689655172413793 0.0137931034482759 0.00689655172413793 0
0 0 0 0.131034482758621 0.00689655172413793 0.00689655172413793 0.0275862068965517 0.0620689655172414 0
0.248275862068966 0.0137931034482759 0.151724137931034 0.0482758620689655 0.0482758620689655 0.0344827586206897 0.0206896551724138 0.0413793103448276 0.124137931034483
0 0 0 0.0413793103448276 0.0689655172413793 0.0689655172413793 0.0620689655172414 0.0206896551724138 0
0.00689655172413793 0 0.0206896551724138 0.0206896551724138 0.0689655172413793 0.0137931034482759 0.0482758620689655 0.00689655172413793 0.00689655172413793
0.0482758620689655 0.0413793103448276 0.0551724137931034 0.00689655172413793 0.0551724137931034 0.0758620689655172 0.0620689655172414 0.0413793103448276 0.0758620689655172
0.0413793103448276 0 0.0413793103448276 0.0620689655172414 0.0137931034482759 0.00689655172413793 0.0413793103448276 0.0206896551724138 0
0.0413793103448276 0.16551724137931 0.0137931034482759 0.0275862068965517 0.0275862068965517 0.0758620689655172 0.0896551724137931 0.0413793103448276 0.310344827586207
0.0827586206896552 0.096551724137931 0.0827586206896552 0.0137931034482759 0 0.0413793103448276 0 0.00689655172413793 0.0896551724137931
0 0.00689655172413793 0.0137931034482759 0.0413793103448276 0.0896551724137931 0.0344827586206897 0.0551724137931034 0 0
0 0 0.00689655172413793 0.117241379310345 0.0620689655172414 0.0482758620689655 0.0413793103448276 0.110344827586207 0
0 0.0344827586206897 0.00689655172413793 0.0344827586206897 0.00689655172413793 0.0275862068965517 0.0344827586206897 0.0137931034482759 0
0.0551724137931034 0.0137931034482759 0.096551724137931 0.0137931034482759 0.103448275862069 0.0827586206896552 0.0758620689655172 0.0206896551724138 0
0.0206896551724138 0.0551724137931034 0.0275862068965517 0.0137931034482759 0.0758620689655172 0.0758620689655172 0.0551724137931034 0.0620689655172414 0
0.00689655172413793 0.124137931034483 0.0137931034482759 0.0275862068965517 0.0482758620689655 0.103448275862069 0.0482758620689655 0.096551724137931 0
0.0413793103448276 0.0758620689655172 0.0275862068965517 0.0137931034482759 0.0482758620689655 0.0827586206896552 0.0758620689655172 0.096551724137931 0.172413793103448
0.0275862068965517 0 0.0275862068965517 0.0137931034482759 0.0206896551724138 0.0206896551724138 0.00689655172413793 0 0.00689655172413793
0.275862068965517 0.0137931034482759 0.158620689655172 0.0137931034482759 0.0413793103448276 0.0206896551724138 0.0551724137931034 0.0827586206896552 0.110344827586207
