0.00721153846153846 0.0216346153846154 0.0353708791208791 0.021978021978022 0.0206043956043956 0.0103021978021978 0.0271291208791209 0.0175137362637363 0.0243818681318681
0.00618131868131868 0.00137362637362637 0.00240384615384615 0.00652472527472527 0.00412087912087912 0.00446428571428571 0.00412087912087912 0.00309065934065934 0
0.00961538461538462 0.00103021978021978 0.00549450549450549 0.0151098901098901 0.0103021978021978 0.00618131868131868 0.00549450549450549 0.00343406593406593 0
0.0209478021978022 0 0.00274725274725275 0.0154532967032967 0.00377747252747253 0.00412087912087912 0.00652472527472527 0.0106456043956044 0
0.0346840659340659 0.00171703296703297 0.0254120879120879 0.0157967032967033 0.0140796703296703 0.0260989010989011 0.0212912087912088 0.020260989010989 0.00206043956043956
0.00274725274725275 0.00240384615384615 0.00309065934065934 0.020260989010989 0.0116758241758242 0.00892857142857143 0.00858516483516484 0.021978021978022 0
0.00583791208791209 0 0.00480769230769231 0.00927197802197802 0.00309065934065934 0.00309065934065934 0.00858516483516484 0.00446428571428571 0
0.0103021978021978 0.03125 0.0260989010989011 0.00995879120879121 0.0278159340659341 0.0240384615384615 0.0144230769230769 0.00686813186813187 0.0346840659340659
0.00446428571428571 0.000343406593406593 0.00343406593406593 0.0106456043956044 0.00927197802197802 0.00480769230769231 0.0051510989010989 0.00446428571428571 0.00103021978021978
0.0140796703296703 0.0436126373626374 0.0116758241758242 0.0116758241758242 0.0243818681318681 0.0257554945054945 0.0157967032967033 0.0388049450549451 0.0487637362637363
0.020260989010989 0.0106456043956044 0.018543956043956 0.00377747252747253 0.00377747252747253 0.00927197802197802 0.00858516483516484 0.00377747252747253 0.00240384615384615
0.0140796703296703 0.00480769230769231 0.0178571428571429 0.010989010989011 0.00927197802197802 0.00995879120879121 0.0123626373626374 0.00549450549450549 0
0 0.00240384615384615 0.00995879120879121 0.0106456043956044 0.0123626373626374 0.00549450549450549 0.00446428571428571 0.0130494505494505 0
0.00343406593406593 0.00171703296703297 0.00377747252747253 0.00377747252747253 0.00412087912087912 0.00721153846153846 0.00549450549450549 0.00343406593406593 0
0.0051510989010989 0.000686813186813187 0.00171703296703297 0.00995879120879121 0.00480769230769231 0.00858516483516484 0.00446428571428571 0.00858516483516484 0.00103021978021978
0.0171703296703297 0.0103021978021978 0.0182005494505495 0.0147664835164835 0.0123626373626374 0.0133928571428571 0.0133928571428571 0.0199175824175824 0.00549450549450549
0.020260989010989 0.0480769230769231 0.00892857142857143 0.0157967032967033 0.0147664835164835 0.0281593406593407 0.0240384615384615 0.0147664835164835 0.00377747252747253
0.00618131868131868 0.0449862637362637 0.012706043956044 0.00686813186813187 0.0240384615384615 0.018543956043956 0.0137362637362637 0.00892857142857143 0.103021978021978
0.00549450549450549 0.000343406593406593 0.00480769230769231 0.00377747252747253 0.00309065934065934 0.00274725274725275 0.00961538461538462 0.00377747252747253 0
0.0206043956043956 0.00137362637362637 0.0116758241758242 0.0116758241758242 0.010989010989011 0.00755494505494505 0.0154532967032967 0.0154532967032967 0.00206043956043956
