0 0 0 0 0.0285714285714286 0 0.0285714285714286 0.0285714285714286 0
0 0 0 0 0 0 0 0 0
0 0 0.114285714285714 0.0285714285714286 0 0 0 0 0
0 0 0 0 0 0 0 0 0
0.0285714285714286 0 0 0.0285714285714286 0.0285714285714286 0 0 0.0285714285714286 0
0 0 0 0.0285714285714286 0 0 0 0.0285714285714286 0
0 0 0 0 0 0 0 0 0
0 0 0 0 0 0 0 0 0
0 0 0 0 0 0 0.0285714285714286 0 0
0.0285714285714286 0.142857142857143 0 0.0571428571428571 0 0.0571428571428571 0.0285714285714286 0.0285714285714286 0.0285714285714286
0 0.0285714285714286 0 0 0 0 0.0285714285714286 0 0
0 0 0 0 0 0 0 0 0
0 0 0.0571428571428571 0 0.0285714285714286 0 0.0285714285714286 0 0
0 0 0 0 0 0.0285714285714286 0 0 0
0.0285714285714286 0 0 0.0285714285714286 0 0.0285714285714286 0 0 0
0.0285714285714286 0 0 0.0285714285714286 0 0 0 0.0571428571428571 0
0 0 0 0 0 0 0.0285714285714286 0.0285714285714286 0
0 0.0285714285714286 0 0 0.0857142857142857 0.0285714285714286 0 0 0.171428571428571
0 0 0.0285714285714286 0 0.0285714285714286 0.0285714285714286 0.0285714285714286 0 0
0.0857142857142857 0 0 0 0 0.0285714285714286 0 0 0
