0.0784313725490196 0 0.0882352941176471 0.0196078431372549 0.0490196078431373 0.0392156862745098 0.0392156862745098 0.0294117647058824 0.0686274509803922
0 0 0.00980392156862745 0.0196078431372549 0 0 0.0588235294117647 0 0.00980392156862745
0 0 0.0588235294117647 0.127450980392157 0.0294117647058824 0.0392156862745098 0.0392156862745098 0.0196078431372549 0
0.0196078431372549 0 0 0.107843137254902 0.0294117647058824 0.00980392156862745 0 0.0784313725490196 0
0.127450980392157 0.00980392156862745 0.0490196078431373 0.0196078431372549 0.00980392156862745 0.0588235294117647 0.0980392156862745 0.0784313725490196 0
0.0588235294117647 0 0.0196078431372549 0.107843137254902 0.0882352941176471 0.0686274509803922 0.0294117647058824 0.0392156862745098 0
0.0294117647058824 0 0.0294117647058824 0 0 0.0392156862745098 0.0686274509803922 0.0196078431372549 0
0.0196078431372549 0.0490196078431373 0.0392156862745098 0.0392156862745098 0.0490196078431373 0.0784313725490196 0.0392156862745098 0.00980392156862745 0.0588235294117647
0 0 0.0392156862745098 0.00980392156862745 0.0196078431372549 0 0.0294117647058824 0.0196078431372549 0
0.0588235294117647 0.274509803921569 0.0686274509803922 0.00980392156862745 0.0588235294117647 0.0588235294117647 0.0196078431372549 0.0588235294117647 0.107843137254902
0.0588235294117647 0.186274509803922 0.0392156862745098 0.0196078431372549 0.00980392156862745 0.0392156862745098 0.0196078431372549 0 0.00980392156862745
0.0196078431372549 0 0.00980392156862745 0.0196078431372549 0.0392156862745098 0.0196078431372549 0.0294117647058824 0.0294117647058824 0
0.00980392156862745 0 0.0588235294117647 0.0686274509803922 0.0294117647058824 0.0196078431372549 0.0490196078431373 0.0588235294117647 0
0.0196078431372549 0.0490196078431373 0.0392156862745098 0.00980392156862745 0.0392156862745098 0.0294117647058824 0.0294117647058824 0.0294117647058824 0
0.00980392156862745 0 0.0196078431372549 0.00980392156862745 0.00980392156862745 0.00980392156862745 0 0.0392156862745098 0
0.00980392156862745 0.00980392156862745 0.0196078431372549 0 0.0196078431372549 0.0784313725490196 0.00980392156862745 0.0294117647058824 0.0294117647058824
0.00980392156862745 0.0392156862745098 0 0 0.0490196078431373 0.0196078431372549 0.0196078431372549 0.0392156862745098 0.0490196078431373
0.0196078431372549 0.0490196078431373 0 0.0196078431372549 0.0392156862745098 0.00980392156862745 0.0196078431372549 0.0196078431372549 0.333333333333333
0.0392156862745098 0 0.0196078431372549 0.0490196078431373 0.0490196078431373 0 0.0686274509803922 0.0490196078431373 0
0.0784313725490196 0 0.0588235294117647 0.00980392156862745 0.0490196078431373 0.0490196078431373 0 0.0196078431372549 0
