0.00952380952380952 0.00105820105820106 0.0253968253968254 0.0126984126984127 0.0164021164021164 0.0121693121693122 0.0195767195767196 0.00793650793650794 0.000529100529100529
0.00264550264550265 0.00105820105820106 0.00158730158730159 0.00158730158730159 0.0037037037037037 0.00582010582010582 0.0037037037037037 0.00529100529100529 0.000529100529100529
0.00423280423280423 0.00105820105820106 0.00158730158730159 0.0100529100529101 0.00899470899470899 0.0037037037037037 0.00476190476190476 0.00317460317460317 0.000529100529100529
0.00634920634920635 0.00105820105820106 0.00158730158730159 0.00740740740740741 0.00899470899470899 0.0037037037037037 0.00793650793650794 0.00634920634920635 0.000529100529100529
0.00952380952380952 0.0354497354497354 0.00793650793650794 0.0121693121693122 0.0153439153439153 0.0126984126984127 0.028042328042328 0.0126984126984127 0.0693121693121693
0.00264550264550265 0.00105820105820106 0.0158730158730159 0.0116402116402116 0.00687830687830688 0.00793650793650794 0.00899470899470899 0.0126984126984127 0.000529100529100529
0.00582010582010582 0.00158730158730159 0.00634920634920635 0.00264550264550265 0.00582010582010582 0.00846560846560847 0.00476190476190476 0.00476190476190476 0.000529100529100529
0.0259259259259259 0.00211640211640212 0.0148148148148148 0.0100529100529101 0.0195767195767196 0.00952380952380952 0.00687830687830688 0.00952380952380952 0.0486772486772487
0.0169312169312169 0.000529100529100529 0.0111111111111111 0.0126984126984127 0.00899470899470899 0.00846560846560847 0.00529100529100529 0.0121693121693122 0.00158730158730159
0.0201058201058201 0.00582010582010582 0.0296296296296296 0.0174603174603175 0.0195767195767196 0.0206349206349206 0.019047619047619 0.0349206349206349 0.0428571428571429
0.00529100529100529 0.00687830687830688 0.0153439153439153 0.00529100529100529 0.00634920634920635 0.00317460317460317 0.00264550264550265 0.00740740740740741 0.00687830687830688
0.00687830687830688 0 0.00582010582010582 0.0132275132275132 0.0121693121693122 0.00846560846560847 0.0126984126984127 0.00529100529100529 0
0.00634920634920635 0.000529100529100529 0.0158730158730159 0.0121693121693122 0.00529100529100529 0.0105820105820106 0.00687830687830688 0.00899470899470899 0
0.00476190476190476 0.00740740740740741 0.0126984126984127 0.00582010582010582 0.00264550264550265 0.00899470899470899 0.0132275132275132 0.00793650793650794 0
0.0137566137566138 0.00105820105820106 0.00529100529100529 0.0174603174603175 0.0111111111111111 0.00740740740740741 0.00529100529100529 0.00529100529100529 0.00105820105820106
0.0137566137566138 0.00423280423280423 0.0121693121693122 0.0142857142857143 0.0111111111111111 0.019047619047619 0.00846560846560847 0.0142857142857143 0.000529100529100529
0.0174603174603175 0.00582010582010582 0.00476190476190476 0.0116402116402116 0.0158730158730159 0.017989417989418 0.0100529100529101 0.0248677248677249 0.00105820105820106
0.0153439153439153 0.00211640211640212 0.00687830687830688 0.0137566137566138 0.0132275132275132 0.0148148148148148 0.00899470899470899 0.0105820105820106 0.00582010582010582
0.00423280423280423 0.0185185185185185 0.00158730158730159 0.00476190476190476 0.00740740740740741 0.00423280423280423 0.0164021164021164 0.00264550264550265 0.0169312169312169
0.0121693121693122 0.106349206349206 0.00740740740740741 0.00687830687830688 0.00423280423280423 0.0158730158730159 0.0100529100529101 0.00687830687830688 0.00582010582010582
