0.0229199372056515 0.0156985871271586 0.0144427001569859 0.0182103610675039 0.0113029827315542 0.00784929356357928 0.0172684458398744 0.0156985871271586 0.000313971742543171
0.00313971742543171 0.00188383045525903 0.00784929356357928 0.00408163265306122 0.00408163265306122 0.00408163265306122 0.00627943485086342 0.00565149136577708 0
0.00282574568288854 0.000313971742543171 0.00251177394034537 0.0185243328100471 0.00722135007849294 0.00941915227629513 0.00847723704866562 0.00345368916797488 0
0.00188383045525903 0.000313971742543171 0.00251177394034537 0.0119309262166405 0.00910518053375196 0.00847723704866562 0.00502354788069074 0.0113029827315542 0.000313971742543171
0.00659340659340659 0.0141287284144427 0.0298273155416013 0.0163265306122449 0.0160125588697017 0.0226059654631083 0.0282574568288854 0.0232339089481947 0.00408163265306122
0.0144427001569859 0.00345368916797488 0.0106750392464678 0.0125588697017268 0.0144427001569859 0.0131868131868132 0.010989010989011 0.0131868131868132 0
0.00659340659340659 0.000313971742543171 0.00502354788069074 0.00565149136577708 0.00784929356357928 0.0113029827315542 0.0116169544740973 0.00502354788069074 0.00376766091051805
0.0194662480376766 0.0204081632653061 0.0188383045525903 0.0144427001569859 0.0226059654631083 0.0194662480376766 0.0172684458398744 0.00910518053375196 0.000941915227629513
0.0351648351648352 0.000627943485086342 0.0178963893249608 0.0169544740973312 0.014756671899529 0.0122448979591837 0.00816326530612245 0.0144427001569859 0.101726844583987
0.0156985871271586 0.0389324960753532 0.0279434850863422 0.0169544740973312 0.02574568288854 0.0282574568288854 0.0282574568288854 0.0288854003139717 0.00565149136577708
0.0178963893249608 0.0213500784929356 0.0138147566718995 0.010989010989011 0.00816326530612245 0.0113029827315542 0.0113029827315542 0.00345368916797488 0.00188383045525903
0.00345368916797488 0.00565149136577708 0.0185243328100471 0.0150706436420722 0.0116169544740973 0.0122448979591837 0.0122448979591837 0.01287284144427 0
0.00125588697017268 0.00125588697017268 0.0043956043956044 0.0131868131868132 0.01287284144427 0.00973312401883831 0.00847723704866562 0.020094191522763 0
0.00502354788069074 0.01287284144427 0.00816326530612245 0.00565149136577708 0.00502354788069074 0.00659340659340659 0.00533751962323391 0.00973312401883831 0.000313971742543171
0.03861852433281 0.00156985871271586 0.0160125588697017 0.0144427001569859 0.0194662480376766 0.0194662480376766 0.00910518053375196 0.0150706436420722 0.127786499215071
0.0232339089481947 0.0279434850863422 0.0122448979591837 0.0207221350078493 0.0185243328100471 0.0163265306122449 0.0163265306122449 0.0138147566718995 0.000627943485086342
0.0172684458398744 0.0467817896389325 0.00910518053375196 0.0138147566718995 0.01287284144427 0.014756671899529 0.0172684458398744 0.0131868131868132 0
0.0141287284144427 0.0370486656200942 0.00722135007849294 0.0150706436420722 0.0197802197802198 0.0144427001569859 0.0138147566718995 0.0135007849293564 0.00282574568288854
0.00188383045525903 0.00251177394034537 0.00690737833594976 0.00659340659340659 0.00565149136577708 0.00659340659340659 0.00722135007849294 0.00313971742543171 0.000627943485086342
0.00816326530612245 0.00659340659340659 0.02574568288854 0.00847723704866562 0.0125588697017268 0.0113029827315542 0.0169544740973312 0.0248037676609105 0.00879120879120879
