0.0122950819672131 0.00409836065573771 0.0471311475409836 0.0163934426229508 0.0102459016393443 0.00614754098360656 0.0512295081967213 0.0471311475409836 0
0.00204918032786885 0.00204918032786885 0 0.0102459016393443 0 0.00409836065573771 0.00409836065573771 0 0
0.040983606557377 0 0 0.0307377049180328 0.0204918032786885 0.0102459016393443 0.00409836065573771 0.00614754098360656 0
0.0758196721311475 0.00204918032786885 0.00204918032786885 0.0491803278688525 0.0122950819672131 0.00614754098360656 0.00819672131147541 0.00409836065573771 0.00204918032786885
0.0266393442622951 0.00409836065573771 0.00614754098360656 0.0122950819672131 0.00819672131147541 0.0163934426229508 0.00409836065573771 0.0225409836065574 0.0594262295081967
0 0.00204918032786885 0.00204918032786885 0.0225409836065574 0.0184426229508197 0.0204918032786885 0.0225409836065574 0.0348360655737705 0
0.00409836065573771 0 0.014344262295082 0.00614754098360656 0.0327868852459016 0.00204918032786885 0.0163934426229508 0.00204918032786885 0.00204918032786885
0.014344262295082 0.0430327868852459 0.0573770491803279 0.00204918032786885 0.014344262295082 0.0348360655737705 0.0245901639344262 0.00409836065573771 0.00409836065573771
0 0 0.0204918032786885 0.0225409836065574 0.00204918032786885 0.00204918032786885 0.0163934426229508 0.0102459016393443 0
0.0122950819672131 0.0204918032786885 0.0122950819672131 0.0122950819672131 0.0184426229508197 0.0573770491803279 0.0266393442622951 0.0163934426229508 0.0225409836065574
0.00614754098360656 0.0102459016393443 0.00409836065573771 0.00204918032786885 0.00409836065573771 0.0368852459016393 0.00819672131147541 0.00819672131147541 0.0491803278688525
0.00614754098360656 0 0.00819672131147541 0.014344262295082 0.00819672131147541 0.00409836065573771 0.0102459016393443 0.00819672131147541 0
0 0.00614754098360656 0.00819672131147541 0.014344262295082 0.0102459016393443 0.00409836065573771 0.0204918032786885 0.0163934426229508 0
0.00819672131147541 0.00819672131147541 0.00204918032786885 0.0122950819672131 0.0122950819672131 0 0.00409836065573771 0.00409836065573771 0.00204918032786885
0 0.00204918032786885 0.0163934426229508 0.0184426229508197 0.0204918032786885 0.00204918032786885 0.0102459016393443 0.00409836065573771 0
0.0204918032786885 0.0102459016393443 0.0102459016393443 0.00819672131147541 0.014344262295082 0.0163934426229508 0.0225409836065574 0.040983606557377 0
0.0122950819672131 0.0860655737704918 0.0122950819672131 0.0122950819672131 0.0163934426229508 0.0102459016393443 0.0102459016393443 0.0184426229508197 0
0.00614754098360656 0.069672131147541 0.0286885245901639 0.00204918032786885 0.014344262295082 0.0184426229508197 0.00614754098360656 0.0122950819672131 0.00204918032786885
0.00614754098360656 0 0.00614754098360656 0.00204918032786885 0.0184426229508197 0.014344262295082 0.00409836065573771 0.00409836065573771 0.00204918032786885
0.0225409836065574 0.00614754098360656 0.0184426229508197 0.00614754098360656 0.0204918032786885 0.0102459016393443 0.00204918032786885 0.0122950819672131 0.131147540983607
