0.00346020761245675 0 0 0 0 0 0.00346020761245675 0.00346020761245675 0.00346020761245675
0 0 0 0 0 0.00346020761245675 0 0 0
0 0 0 0 0 0 0 0 0
0 0.00346020761245675 0 0 0 0 0 0 0
0 0 0 0 0.00346020761245675 0.00346020761245675 0.00346020761245675 0 0
0.00346020761245675 0 0 0.00346020761245675 0 0 0 0 0
0 0 0.00346020761245675 0 0 0 0 0 0
0 0 0.00346020761245675 0 0.00346020761245675 0 0 0 0
0 0 0 0 0 0 0 0 0
0 0 0 0 0 0 0 0 0
0 0.00346020761245675 0.00346020761245675 0 0 0 0.00346020761245675 0 0
0 0 0 0 0 0 0 0 0
0 0 0 0 0 0 0 0.0069204152249135 0
0 0.00346020761245675 0 0 0 0 0 0 0
0 0 0 0.00346020761245675 0 0 0 0 0
0 0 0 0 0 0 0 0 0
0 0 0 0 0 0 0 0 0
0 0 0 0 0 0.00346020761245675 0 0 0.0069204152249135
0 0 0 0 0.00346020761245675 0 0 0 0
0.00346020761245675 0 0 0.00346020761245675 0 0 0 0 0
