0.0149700598802395 0 0.0269461077844311 0.0389221556886228 0.0329341317365269 0.0179640718562874 0 0.0119760479041916 0.0029940119760479
0 0 0 0.0029940119760479 0.0029940119760479 0.0029940119760479 0.0029940119760479 0 0
0.0029940119760479 0 0 0.0029940119760479 0 0.0029940119760479 0.0029940119760479 0.0269461077844311 0.0029940119760479
0.0029940119760479 0 0.0029940119760479 0.0029940119760479 0.0119760479041916 0.0029940119760479 0.0359281437125748 0.00898203592814371 0
0.00898203592814371 0 0.00598802395209581 0.0119760479041916 0.00898203592814371 0.0179640718562874 0.0029940119760479 0.00598802395209581 0.0119760479041916
0.00598802395209581 0 0.0119760479041916 0.0119760479041916 0.0239520958083832 0.029940119760479 0.0598802395209581 0.0149700598802395 0.0029940119760479
0 0.0029940119760479 0 0.00598802395209581 0 0.00598802395209581 0.0269461077844311 0.00598802395209581 0.0029940119760479
0.0149700598802395 0 0.0119760479041916 0.0359281437125748 0.0179640718562874 0.0359281437125748 0.0179640718562874 0.0119760479041916 0.0149700598802395
0.0778443113772455 0.0029940119760479 0.0119760479041916 0.00598802395209581 0.0119760479041916 0.0119760479041916 0.0029940119760479 0.0149700598802395 0.0179640718562874
0.00598802395209581 0.00598802395209581 0.0568862275449102 0.00898203592814371 0.0449101796407186 0.0269461077844311 0.0508982035928144 0.0748502994011976 0.167664670658683
0 0.0029940119760479 0.0029940119760479 0.0029940119760479 0.0119760479041916 0 0.0029940119760479 0.0029940119760479 0.00898203592814371
0 0.0029940119760479 0.00598802395209581 0.00898203592814371 0.00598802395209581 0 0.00898203592814371 0.0029940119760479 0.0029940119760479
0 0 0.00598802395209581 0.0119760479041916 0.0119760479041916 0.00598802395209581 0.0209580838323353 0.00598802395209581 0.00598802395209581
0 0.0119760479041916 0.0329341317365269 0.0149700598802395 0.0179640718562874 0.0179640718562874 0.0119760479041916 0.0269461077844311 0.00598802395209581
0.12874251497006 0.25748502994012 0.029940119760479 0.0479041916167665 0.0508982035928144 0.0508982035928144 0.00898203592814371 0.0119760479041916 0.0119760479041916
0.0149700598802395 0.0029940119760479 0.0209580838323353 0.00898203592814371 0 0.0209580838323353 0.0029940119760479 0.0029940119760479 0.0029940119760479
0.0029940119760479 0 0.0119760479041916 0.029940119760479 0.0179640718562874 0.0209580838323353 0.0179640718562874 0.0239520958083832 0.00598802395209581
0 0 0.00598802395209581 0.0269461077844311 0.00898203592814371 0.0149700598802395 0.0119760479041916 0.0239520958083832 0.00898203592814371
0.00598802395209581 0.0029940119760479 0.0179640718562874 0.00598802395209581 0.0029940119760479 0.00598802395209581 0.0029940119760479 0.0029940119760479 0.0029940119760479
0.00598802395209581 0 0.029940119760479 0.00598802395209581 0.00898203592814371 0 0 0.0119760479041916 0.0119760479041916
