0.0365853658536585 0.0609756097560976 0.0853658536585366 0.0731707317073171 0.0609756097560976 0.024390243902439 0.024390243902439 0.0365853658536585 0.024390243902439
0.024390243902439 0 0 0.0121951219512195 0.0853658536585366 0.0121951219512195 0.0365853658536585 0.0121951219512195 0
0 0 0 0.024390243902439 0.024390243902439 0.024390243902439 0.0365853658536585 0.0121951219512195 0
0 0 0.024390243902439 0.0365853658536585 0.0365853658536585 0.0121951219512195 0.0853658536585366 0.0121951219512195 0
0.0609756097560976 0.024390243902439 0.0975609756097561 0.0121951219512195 0.109756097560976 0 0.0365853658536585 0.0975609756097561 0
0.0121951219512195 0.24390243902439 0.0365853658536585 0.121951219512195 0.0487804878048781 0.0365853658536585 0.0487804878048781 0.0609756097560976 0.0121951219512195
0.0121951219512195 0 0.0121951219512195 0.0121951219512195 0.0121951219512195 0.0121951219512195 0 0.024390243902439 0.0121951219512195
0.0365853658536585 0.024390243902439 0.0365853658536585 0.024390243902439 0.0365853658536585 0.0609756097560976 0.0731707317073171 0.0121951219512195 0
0.109756097560976 0.0121951219512195 0.0121951219512195 0.0121951219512195 0.0121951219512195 0.0365853658536585 0 0.0487804878048781 0.353658536585366
0.0853658536585366 0.0365853658536585 0.0853658536585366 0.0731707317073171 0.024390243902439 0.0975609756097561 0.0609756097560976 0.0731707317073171 0.024390243902439
0.0609756097560976 0.0365853658536585 0.0121951219512195 0.024390243902439 0.0365853658536585 0.0121951219512195 0.0365853658536585 0.0121951219512195 0
0.0365853658536585 0.024390243902439 0.0121951219512195 0.0609756097560976 0.0121951219512195 0 0.0487804878048781 0.024390243902439 0
0 0.0121951219512195 0.0853658536585366 0.0853658536585366 0.0731707317073171 0.0853658536585366 0.0121951219512195 0.0609756097560976 0
0.024390243902439 0.0853658536585366 0.024390243902439 0.0121951219512195 0 0.024390243902439 0.0365853658536585 0.0609756097560976 0.024390243902439
0.0853658536585366 0.0121951219512195 0.0365853658536585 0 0.0121951219512195 0.0365853658536585 0.0365853658536585 0.024390243902439 0.195121951219512
0.0365853658536585 0.0609756097560976 0.0487804878048781 0.0487804878048781 0.0365853658536585 0.0731707317073171 0.024390243902439 0.0121951219512195 0.0121951219512195
0.0121951219512195 0.0731707317073171 0.024390243902439 0.024390243902439 0.024390243902439 0.121951219512195 0.0121951219512195 0.0365853658536585 0
0.024390243902439 0.0487804878048781 0.0609756097560976 0.0121951219512195 0.0609756097560976 0.024390243902439 0.0487804878048781 0.0609756097560976 0.024390243902439
0 0 0 0.0487804878048781 0.0487804878048781 0.0487804878048781 0.0365853658536585 0.0365853658536585 0
0.0975609756097561 0 0.0609756097560976 0.0365853658536585 0 0.0121951219512195 0.0609756097560976 0.0365853658536585 0.0731707317073171
