0.0228013029315961 0.0162866449511401 0.0162866449511401 0.0162866449511401 0.0195439739413681 0.355048859934853 0.0162866449511401 0.0293159609120521 0.00325732899022801
0.00325732899022801 0.00325732899022801 0.00325732899022801 0.00325732899022801 0.00651465798045603 0.00325732899022801 0.00651465798045603 0.00651465798045603 0.00325732899022801
0.00651465798045603 0.00325732899022801 0.00977198697068404 0.0195439739413681 0.00977198697068404 0.00651465798045603 0.0260586319218241 0.00325732899022801 0
0.00651465798045603 0.0162866449511401 0.0195439739413681 0.0260586319218241 0.0195439739413681 0.0130293159609121 0.0195439739413681 0.348534201954397 0.00325732899022801
0.00977198697068404 0.00651465798045603 0.374592833876221 0.0162866449511401 0.0162866449511401 0.0260586319218241 0.361563517915309 0.0130293159609121 0.413680781758958
0.0228013029315961 0.136807817589577 0.0293159609120521 0.0195439739413681 0.0162866449511401 0.0195439739413681 0.0162866449511401 0.0325732899022801 0.00325732899022801
0.00325732899022801 0.00651465798045603 0.00651465798045603 0 0.0130293159609121 0.0130293159609121 0.00651465798045603 0.00651465798045603 0
0.0195439739413681 0.0130293159609121 0.0228013029315961 0.0130293159609121 0.0162866449511401 0.0228013029315961 0.0162866449511401 0.0130293159609121 0.0325732899022801
0.0456026058631922 0.0195439739413681 0.0162866449511401 0.00977198697068404 0.0195439739413681 0.00651465798045603 0.00651465798045603 0.00977198697068404 0.00651465798045603
0.0260586319218241 0.00651465798045603 0.0130293159609121 0.0293159609120521 0.00651465798045603 0.0228013029315961 0.0618892508143322 0.0325732899022801 0.0358306188925081
0.00325732899022801 0.00325732899022801 0.00977198697068404 0.00651465798045603 0.00977198697068404 0.00325732899022801 0.00325732899022801 0.00651465798045603 0.00651465798045603
0.00977198697068404 0.00977198697068404 0.0195439739413681 0.0130293159609121 0 0.0130293159609121 0.00325732899022801 0.00651465798045603 0
0.0130293159609121 0.00651465798045603 0.00651465798045603 0.374592833876221 0.0260586319218241 0.0423452768729642 0.0195439739413681 0.0228013029315961 0.00325732899022801
0.0260586319218241 0.351791530944625 0.0130293159609121 0.00977198697068404 0.00977198697068404 0.0195439739413681 0.0228013029315961 0.0162866449511401 0
0.361563517915309 0.0130293159609121 0.0130293159609121 0.0228013029315961 0.00977198697068404 0.00977198697068404 0.0130293159609121 0.00651465798045603 0
0.0260586319218241 0.00977198697068404 0.0130293159609121 0.0162866449511401 0.0162866449511401 0.00325732899022801 0.0162866449511401 0.0325732899022801 0.00651465798045603
0.0130293159609121 0.0130293159609121 0.0130293159609121 0.00977198697068404 0.361563517915309 0.0162866449511401 0.00325732899022801 0.0260586319218241 0
0.00977198697068404 0.00651465798045603 0.0260586319218241 0.0130293159609121 0.0423452768729642 0.0228013029315961 0.0162866449511401 0.0162866449511401 0.00325732899022801
0.0162866449511401 0.00977198697068404 0.0130293159609121 0.0162866449511401 0.0260586319218241 0.0260586319218241 0.0195439739413681 0.00651465798045603 0.123778501628664
0.0130293159609121 0.00651465798045603 0.0195439739413681 0.0228013029315961 0.0130293159609121 0.0130293159609121 0.00325732899022801 0.0228013029315961 0.0130293159609121
