0.0240963855421687 0.0240963855421687 0 0.0240963855421687 0 0.036144578313253 0.0120481927710843 0.0120481927710843 0
0 0.0120481927710843 0 0 0 0.0120481927710843 0 0 0.0120481927710843
0 0 0.0120481927710843 0.0120481927710843 0 0.0240963855421687 0.0602409638554217 0.0120481927710843 0
0 0 0.0120481927710843 0 0 0.0120481927710843 0.0240963855421687 0 0
0.0120481927710843 0 0 0.0120481927710843 0.0240963855421687 0 0.0120481927710843 0.0120481927710843 0
0.0240963855421687 0.0120481927710843 0 0.0240963855421687 0 0 0.0120481927710843 0.036144578313253 0
0 0 0 0 0 0 0 0 0
0.0120481927710843 0 0 0.0120481927710843 0.0602409638554217 0.0240963855421687 0 0.0240963855421687 0.120481927710843
0.0240963855421687 0 0 0.0120481927710843 0 0.0120481927710843 0 0 0
0.036144578313253 0.036144578313253 0.0481927710843374 0.0240963855421687 0.036144578313253 0.0602409638554217 0.0120481927710843 0 0.0481927710843374
0 0.0240963855421687 0.0481927710843374 0 0.0120481927710843 0 0 0 0
0 0 0.0120481927710843 0.0120481927710843 0.0120481927710843 0.0120481927710843 0.0120481927710843 0.0120481927710843 0
0 0 0 0 0 0 0 0.036144578313253 0
0.0240963855421687 0 0.036144578313253 0.036144578313253 0 0 0.0240963855421687 0.0120481927710843 0.0120481927710843
0.0481927710843374 0 0 0 0 0.0120481927710843 0.0120481927710843 0.0240963855421687 0
0 0.0120481927710843 0.036144578313253 0.0240963855421687 0.0240963855421687 0 0.0120481927710843 0 0
0 0.0240963855421687 0 0 0.0120481927710843 0 0.0120481927710843 0 0
0 0.072289156626506 0 0 0 0.0120481927710843 0 0.0120481927710843 0.0120481927710843
0 0 0 0.0120481927710843 0.0240963855421687 0 0 0.0120481927710843 0.0120481927710843
0.0120481927710843 0 0.0120481927710843 0.0120481927710843 0.0120481927710843 0 0.0120481927710843 0.0120481927710843 0
