0 0 0.0545454545454545 0.0181818181818182 0.0181818181818182 0.0363636363636364 0 0.0181818181818182 0
0 0 0 0 0 0 0 0.00909090909090909 0
0.0272727272727273 0.00909090909090909 0.0181818181818182 0.0363636363636364 0.00909090909090909 0 0 0 0
0 0 0 0.0181818181818182 0.0272727272727273 0.0181818181818182 0 0.0272727272727273 0
0.00909090909090909 0.00909090909090909 0.0181818181818182 0.0181818181818182 0.0454545454545455 0.0181818181818182 0.00909090909090909 0 0.0363636363636364
0.0181818181818182 0 0.00909090909090909 0 0.0272727272727273 0.00909090909090909 0 0 0
0.0272727272727273 0.118181818181818 0.0181818181818182 0.00909090909090909 0 0 0.00909090909090909 0.00909090909090909 0
0.0363636363636364 0.0181818181818182 0.0181818181818182 0.00909090909090909 0 0.0636363636363636 0.0363636363636364 0.0181818181818182 0.0272727272727273
0.00909090909090909 0 0 0.0272727272727273 0.0363636363636364 0 0.0181818181818182 0.0363636363636364 0
0.00909090909090909 0.00909090909090909 0.00909090909090909 0.0363636363636364 0.0363636363636364 0.00909090909090909 0.0545454545454545 0.0181818181818182 0.209090909090909
0.00909090909090909 0 0.00909090909090909 0.0181818181818182 0 0.00909090909090909 0 0 0.0272727272727273
0.0454545454545455 0 0.00909090909090909 0.0181818181818182 0 0 0.00909090909090909 0 0
0 0.0181818181818182 0.0181818181818182 0.0181818181818182 0.00909090909090909 0.0181818181818182 0.00909090909090909 0.0181818181818182 0
0 0.0363636363636364 0.0272727272727273 0.00909090909090909 0.0272727272727273 0.0363636363636364 0.00909090909090909 0.0272727272727273 0
0.0181818181818182 0.0818181818181818 0 0.0272727272727273 0.00909090909090909 0.00909090909090909 0.0909090909090909 0.00909090909090909 0.00909090909090909
0.0363636363636364 0.00909090909090909 0.0545454545454545 0.0181818181818182 0.00909090909090909 0.0272727272727273 0.0181818181818182 0.0181818181818182 0
0.0272727272727273 0 0.00909090909090909 0.00909090909090909 0.00909090909090909 0.00909090909090909 0.0272727272727273 0.0363636363636364 0
0.0181818181818182 0 0.0181818181818182 0.00909090909090909 0.0181818181818182 0.0363636363636364 0 0.0636363636363636 0
0 0 0 0 0 0 0 0 0
0.0181818181818182 0 0.0181818181818182 0.00909090909090909 0.0272727272727273 0.00909090909090909 0.0181818181818182 0 0
