0.0199004975124378 0.0174129353233831 0.0995024875621891 0.0199004975124378 0.0373134328358209 0.0447761194029851 0.0248756218905473 0.00995024875621891 0.00497512437810945
0.00248756218905473 0 0.00497512437810945 0.00746268656716418 0 0.00746268656716418 0 0.00248756218905473 0
0 0 0.0149253731343284 0.0124378109452736 0.00746268656716418 0.0149253731343284 0.00995024875621891 0.00995024875621891 0.00248756218905473
0.00995024875621891 0 0.0895522388059701 0.0124378109452736 0.0174129353233831 0.0149253731343284 0.0373134328358209 0.0248756218905473 0
0.0174129353233831 0 0.0149253731343284 0.0174129353233831 0.0174129353233831 0.0174129353233831 0.0149253731343284 0.0223880597014925 0.0621890547263682
0.114427860696517 0.0174129353233831 0.0124378109452736 0.0298507462686567 0.0398009950248756 0.0348258706467662 0.027363184079602 0.0199004975124378 0.00248756218905473
0 0 0.00995024875621891 0 0.00248756218905473 0.00497512437810945 0.0124378109452736 0 0
0.0298507462686567 0.00995024875621891 0.0298507462686567 0.0174129353233831 0.027363184079602 0.0174129353233831 0.0248756218905473 0.0298507462686567 0.0298507462686567
0.0223880597014925 0 0.0124378109452736 0.0223880597014925 0.0174129353233831 0.0945273631840796 0.00497512437810945 0.027363184079602 0
0.054726368159204 0.027363184079602 0.0348258706467662 0.0348258706467662 0.134328358208955 0.0497512437810945 0.0945273631840796 0.144278606965174 0.0696517412935323
0.0149253731343284 0.00248756218905473 0.0124378109452736 0.0124378109452736 0.0174129353233831 0.00746268656716418 0.00497512437810945 0.0124378109452736 0.0796019900497512
0.00746268656716418 0 0.0149253731343284 0.144278606965174 0.00248756218905473 0.0298507462686567 0.0199004975124378 0.00746268656716418 0
0 0.00248756218905473 0.00746268656716418 0.0199004975124378 0.0323383084577114 0.0646766169154229 0.0199004975124378 0.00746268656716418 0
0.00995024875621891 0 0.00746268656716418 0.0174129353233831 0.00746268656716418 0.00497512437810945 0.0124378109452736 0.0124378109452736 0
0.0373134328358209 0 0.0373134328358209 0.0199004975124378 0.0149253731343284 0.0248756218905473 0.0124378109452736 0.027363184079602 0
0.0447761194029851 0.203980099502488 0.0323383084577114 0.0348258706467662 0.027363184079602 0.0398009950248756 0.144278606965174 0.0422885572139304 0.00248756218905473
0.0124378109452736 0.213930348258706 0.0373134328358209 0.0199004975124378 0.0248756218905473 0.0124378109452736 0.0373134328358209 0.0298507462686567 0.00497512437810945
0.0124378109452736 0.0398009950248756 0.027363184079602 0.0796019900497512 0.0945273631840796 0.0223880597014925 0.0174129353233831 0.0796019900497512 0.0248756218905473
0.0174129353233831 0 0.0149253731343284 0.00248756218905473 0.00746268656716418 0.0124378109452736 0.00248756218905473 0.0149253731343284 0.00995024875621891
0.106965174129353 0 0.0199004975124378 0.00995024875621891 0.00497512437810945 0.0149253731343284 0.0124378109452736 0.00995024875621891 0.241293532338308
