0.00523560209424084 0.0209424083769634 0.0157068062827225 0.043630017452007 0.012216404886562 0.0191972076788831 0.043630017452007 0.0296684118673647 0
0.012216404886562 0 0.0087260034904014 0.0087260034904014 0.0087260034904014 0.00174520069808028 0.0087260034904014 0.00349040139616056 0
0 0 0.00174520069808028 0.0244328097731239 0.0191972076788831 0.0261780104712042 0.0610820244328098 0.0139616055846422 0
0.00174520069808028 0.00349040139616056 0.0157068062827225 0.0157068062827225 0.0209424083769634 0.031413612565445 0.0191972076788831 0.0157068062827225 0
0.0558464223385689 0.00523560209424084 0.115183246073298 0.0087260034904014 0.0157068062827225 0.0209424083769634 0.0924956369982548 0.0174520069808028 0.0610820244328098
0.00523560209424084 0.00698080279232112 0.00698080279232112 0.0261780104712042 0.0209424083769634 0.0191972076788831 0.031413612565445 0.0837696335078534 0
0.0104712041884817 0.0855148342059337 0.0104712041884817 0.00174520069808028 0.0104712041884817 0.0087260034904014 0.00174520069808028 0.00523560209424084 0
0.108202443280977 0.00523560209424084 0.0174520069808028 0.0174520069808028 0.031413612565445 0.0139616055846422 0.0104712041884817 0.012216404886562 0.0331588132635253
0.0209424083769634 0.0244328097731239 0.0104712041884817 0.0244328097731239 0.075043630017452 0.00698080279232112 0.00349040139616056 0.0296684118673647 0
0.0349040139616056 0.012216404886562 0.031413612565445 0.0157068062827225 0.0226876090750436 0.0244328097731239 0.0191972076788831 0.0506108202443281 0.00349040139616056
0.0471204188481675 0.00349040139616056 0.00349040139616056 0.0087260034904014 0.0087260034904014 0.00523560209424084 0.012216404886562 0.0087260034904014 0.00174520069808028
0.00349040139616056 0.00349040139616056 0.012216404886562 0.031413612565445 0.0157068062827225 0.0261780104712042 0.012216404886562 0.012216404886562 0.00174520069808028
0.00174520069808028 0.0366492146596859 0.0139616055846422 0.0942408376963351 0.00349040139616056 0.0104712041884817 0.0104712041884817 0.0226876090750436 0
0.00349040139616056 0.0157068062827225 0.012216404886562 0.00523560209424084 0.0139616055846422 0.0174520069808028 0.00523560209424084 0.0104712041884817 0
0.0401396160558464 0.129144851657941 0.00523560209424084 0.0087260034904014 0.0139616055846422 0.0139616055846422 0 0.00523560209424084 0.00174520069808028
0.00698080279232112 0.0209424083769634 0.043630017452007 0.012216404886562 0.0331588132635253 0.0174520069808028 0.031413612565445 0.0139616055846422 0
0.0087260034904014 0.012216404886562 0.0366492146596859 0.0261780104712042 0.00698080279232112 0.113438045375218 0.0157068062827225 0.031413612565445 0
0.0174520069808028 0.00349040139616056 0.0174520069808028 0.0087260034904014 0.0209424083769634 0.00523560209424084 0.00523560209424084 0.0139616055846422 0.00174520069808028
0.00698080279232112 0.00523560209424084 0.00523560209424084 0.00523560209424084 0.012216404886562 0.00523560209424084 0.00349040139616056 0.00349040139616056 0.261780104712042
0.012216404886562 0.0087260034904014 0.0191972076788831 0.0157068062827225 0.0366492146596859 0.0157068062827225 0.0157068062827225 0.0191972076788831 0.0366492146596859
