0.0212765957446809 0.00709219858156028 0.0212765957446809 0.0354609929078014 0.0141843971631206 0.049645390070922 0.0212765957446809 0.0212765957446809 0
0.0141843971631206 0 0.00709219858156028 0 0.00709219858156028 0.0141843971631206 0 0 0
0 0 0 0.00709219858156028 0 0.00709219858156028 0.0141843971631206 0 0.00709219858156028
0 0 0 0.0141843971631206 0.00709219858156028 0 0 0.00709219858156028 0
0.0141843971631206 0.00709219858156028 0 0.0141843971631206 0.00709219858156028 0 0.00709219858156028 0.00709219858156028 0
0.0283687943262411 0 0.0283687943262411 0 0 0.00709219858156028 0.0283687943262411 0.00709219858156028 0.0141843971631206
0 0 0 0 0.0212765957446809 0 0.00709219858156028 0.00709219858156028 0
0.00709219858156028 0.049645390070922 0.0354609929078014 0.0212765957446809 0.0425531914893617 0 0.0354609929078014 0.0283687943262411 0.0354609929078014
0.0354609929078014 0 0.00709219858156028 0.00709219858156028 0.00709219858156028 0 0.00709219858156028 0 0
0.0212765957446809 0.0851063829787234 0.0141843971631206 0.0212765957446809 0.0354609929078014 0.0212765957446809 0.0141843971631206 0.0212765957446809 0.134751773049645
0.0141843971631206 0.0212765957446809 0 0.00709219858156028 0.00709219858156028 0 0.00709219858156028 0.00709219858156028 0.0425531914893617
0.00709219858156028 0.0141843971631206 0 0.00709219858156028 0 0.00709219858156028 0.0141843971631206 0 0
0 0.0141843971631206 0.0283687943262411 0.0141843971631206 0.0212765957446809 0 0.00709219858156028 0.0212765957446809 0
0.00709219858156028 0.00709219858156028 0.0212765957446809 0.0212765957446809 0.0354609929078014 0.113475177304965 0.0354609929078014 0.0212765957446809 0
0.0141843971631206 0 0.00709219858156028 0.0283687943262411 0.00709219858156028 0 0 0.0212765957446809 0
0.00709219858156028 0 0.0212765957446809 0.00709219858156028 0.00709219858156028 0.0141843971631206 0 0.0212765957446809 0
0.00709219858156028 0 0.0141843971631206 0.0141843971631206 0.00709219858156028 0.00709219858156028 0.0283687943262411 0.0212765957446809 0
0.00709219858156028 0.0425531914893617 0.0283687943262411 0.00709219858156028 0.0212765957446809 0.00709219858156028 0.0141843971631206 0.0425531914893617 0.0212765957446809
0.0212765957446809 0 0.00709219858156028 0.00709219858156028 0 0 0 0 0
0.0283687943262411 0.00709219858156028 0.0141843971631206 0.0212765957446809 0.00709219858156028 0.00709219858156028 0.0141843971631206 0 0
