0.00738007380073801 0 0.018450184501845 0.003690036900369 0 0.025830258302583 0.00738007380073801 0.018450184501845 0
0.003690036900369 0 0.003690036900369 0.003690036900369 0 0.00738007380073801 0.003690036900369 0.003690036900369 0
0.011070110701107 0 0.00738007380073801 0.00738007380073801 0.00738007380073801 0.00738007380073801 0.00738007380073801 0.00738007380073801 0
0 0.003690036900369 0.003690036900369 0.014760147601476 0.011070110701107 0.306273062730627 0.00738007380073801 0.00738007380073801 0
0.00738007380073801 0 0.014760147601476 0.003690036900369 0.003690036900369 0 0.003690036900369 0.00738007380073801 0.00738007380073801
0 0 0.00738007380073801 0.011070110701107 0.014760147601476 0.011070110701107 0.003690036900369 0.003690036900369 0
0.00738007380073801 0.428044280442804 0.00738007380073801 0.00738007380073801 0.003690036900369 0 0.00738007380073801 0.003690036900369 0
0 0 0.29520295202952 0.003690036900369 0.003690036900369 0.014760147601476 0.011070110701107 0.003690036900369 0
0 0 0.00738007380073801 0.011070110701107 0.003690036900369 0 0 0.003690036900369 0
0 0.003690036900369 0.00738007380073801 0.011070110701107 0.018450184501845 0.014760147601476 0.309963099630996 0.003690036900369 0.439114391143911
0 0 0.003690036900369 0.003690036900369 0.00738007380073801 0.003690036900369 0.003690036900369 0.003690036900369 0.00738007380073801
0.350553505535055 0 0.003690036900369 0.302583025830258 0.011070110701107 0.003690036900369 0.011070110701107 0.003690036900369 0
0.003690036900369 0.003690036900369 0.003690036900369 0.018450184501845 0.003690036900369 0.018450184501845 0.011070110701107 0.003690036900369 0
0.003690036900369 0.003690036900369 0.011070110701107 0.011070110701107 0.014760147601476 0 0.00738007380073801 0.014760147601476 0
0.003690036900369 0.011070110701107 0.003690036900369 0.00738007380073801 0.00738007380073801 0 0.014760147601476 0.003690036900369 0
0.011070110701107 0 0.022140221402214 0.011070110701107 0.00738007380073801 0.011070110701107 0.003690036900369 0.306273062730627 0
0.014760147601476 0 0.022140221402214 0.003690036900369 0.011070110701107 0.00738007380073801 0.003690036900369 0.025830258302583 0
0.014760147601476 0 0.003690036900369 0.00738007380073801 0.309963099630996 0.011070110701107 0.022140221402214 0.022140221402214 0
0.00738007380073801 0 0.003690036900369 0.00738007380073801 0 0.003690036900369 0.00738007380073801 0.003690036900369 0
0.00738007380073801 0 0.003690036900369 0.003690036900369 0.014760147601476 0.00738007380073801 0.00738007380073801 0.003690036900369 0
