0.0297029702970297 0 0.0099009900990099 0.0198019801980198 0.0693069306930693 0.0099009900990099 0.0198019801980198 0.0198019801980198 0
0 0 0 0 0 0 0 0 0
0.0099009900990099 0.118811881188119 0.178217821782178 0.0594059405940594 0.0198019801980198 0.099009900990099 0.0693069306930693 0.0297029702970297 0.0198019801980198
0.0198019801980198 0.0297029702970297 0.0891089108910891 0.108910891089109 0.0396039603960396 0.0693069306930693 0.0792079207920792 0.0297029702970297 0
0.0198019801980198 0.0099009900990099 0 0.0099009900990099 0.0099009900990099 0.0099009900990099 0 0.0198019801980198 0.0495049504950495
0.0297029702970297 0.0099009900990099 0.0099009900990099 0.0099009900990099 0.0396039603960396 0.0198019801980198 0.0198019801980198 0.0099009900990099 0
0 0 0 0 0 0.0099009900990099 0.0297029702970297 0 0
0.0099009900990099 0.0297029702970297 0.0198019801980198 0.0198019801980198 0.0297029702970297 0 0.0198019801980198 0.0099009900990099 0.0396039603960396
0.0198019801980198 0.0099009900990099 0 0.0198019801980198 0.0396039603960396 0 0 0.0297029702970297 0
0.0099009900990099 0.0495049504950495 0 0.0099009900990099 0.0297029702970297 0.0396039603960396 0 0.0792079207920792 0.168316831683168
0.0099009900990099 0.0198019801980198 0 0 0 0 0 0.0099009900990099 0.0099009900990099
0.0297029702970297 0 0 0 0 0.0297029702970297 0.0198019801980198 0.0099009900990099 0
0.0099009900990099 0 0 0.0297029702970297 0.0099009900990099 0 0 0 0
0.0297029702970297 0.0198019801980198 0 0 0 0 0.0099009900990099 0 0
0.0099009900990099 0 0 0.0099009900990099 0 0 0 0.0198019801980198 0
0.0297029702970297 0.0099009900990099 0 0.0099009900990099 0.0198019801980198 0 0.0297029702970297 0.0198019801980198 0.0099009900990099
0.0099009900990099 0.0099009900990099 0.0099009900990099 0 0.0099009900990099 0 0.0099009900990099 0.0099009900990099 0
0.0198019801980198 0.0099009900990099 0.0297029702970297 0.0198019801980198 0.0198019801980198 0.0396039603960396 0.0099009900990099 0.0198019801980198 0.0495049504950495
0.0198019801980198 0.0297029702970297 0.0099009900990099 0.0099009900990099 0.0198019801980198 0.0198019801980198 0.0099009900990099 0.0198019801980198 0
0.0396039603960396 0 0 0.0198019801980198 0 0.0099009900990099 0.0297029702970297 0.0198019801980198 0.0099009900990099
