0.0173611111111111 0.0138888888888889 0.0173611111111111 0.0173611111111111 0.0208333333333333 0.354166666666667 0.00694444444444444 0.0243055555555556 0.00347222222222222
0.00347222222222222 0.00347222222222222 0 0.00347222222222222 0.00347222222222222 0.00347222222222222 0.00347222222222222 0.00347222222222222 0
0 0 0.00347222222222222 0 0.0173611111111111 0 0.00694444444444444 0.00347222222222222 0
0.00347222222222222 0.00694444444444444 0.00694444444444444 0.0138888888888889 0.0104166666666667 0.00347222222222222 0.0243055555555556 0.326388888888889 0.00347222222222222
0.0104166666666667 0.00694444444444444 0.388888888888889 0.0138888888888889 0.0138888888888889 0.0104166666666667 0.333333333333333 0.0138888888888889 0.413194444444444
0.0104166666666667 0.135416666666667 0.0138888888888889 0.0243055555555556 0.0138888888888889 0.00694444444444444 0.0173611111111111 0.03125 0.00347222222222222
0.00347222222222222 0.00347222222222222 0.00347222222222222 0.00347222222222222 0.0138888888888889 0.00347222222222222 0.00347222222222222 0.0104166666666667 0
0.0243055555555556 0.00694444444444444 0.0173611111111111 0.0104166666666667 0.00694444444444444 0.03125 0.00694444444444444 0.0104166666666667 0.0277777777777778
0.0416666666666667 0.00694444444444444 0.0104166666666667 0.00347222222222222 0.0173611111111111 0.00694444444444444 0.0104166666666667 0.00694444444444444 0.0104166666666667
0.0173611111111111 0 0.0138888888888889 0.0173611111111111 0.00694444444444444 0.0173611111111111 0.0381944444444444 0.0208333333333333 0.0381944444444444
0.00347222222222222 0.00347222222222222 0.00694444444444444 0.00694444444444444 0.0138888888888889 0.00347222222222222 0 0.00347222222222222 0.00347222222222222
0 0.00347222222222222 0.00347222222222222 0.0104166666666667 0 0.0173611111111111 0.00694444444444444 0.00347222222222222 0
0.00347222222222222 0.00347222222222222 0 0.340277777777778 0.0208333333333333 0.0451388888888889 0.03125 0.0173611111111111 0
0.0208333333333333 0.34375 0.00694444444444444 0.00694444444444444 0.0104166666666667 0.0138888888888889 0.0138888888888889 0.00694444444444444 0
0.354166666666667 0.00694444444444444 0.0138888888888889 0.0173611111111111 0.0138888888888889 0.0104166666666667 0.0138888888888889 0.00347222222222222 0
0.0277777777777778 0 0.0104166666666667 0.0173611111111111 0.00694444444444444 0.00694444444444444 0.0138888888888889 0.0277777777777778 0.00347222222222222
0.00694444444444444 0.0138888888888889 0 0.0104166666666667 0.333333333333333 0.00347222222222222 0.0138888888888889 0.0243055555555556 0
0.00694444444444444 0.00347222222222222 0.03125 0.0138888888888889 0.0138888888888889 0.0208333333333333 0.0104166666666667 0.0173611111111111 0
0.00694444444444444 0 0.00347222222222222 0.0173611111111111 0.0173611111111111 0.00347222222222222 0.00694444444444444 0.00347222222222222 0.0555555555555556
0.00347222222222222 0.00347222222222222 0.0138888888888889 0.0173611111111111 0.0104166666666667 0.00347222222222222 0.00347222222222222 0.00694444444444444 0.00347222222222222
