0.0900243309002433 0 0.0218978102189781 0.0267639902676399 0.0170316301703163 0.0170316301703163 0.0218978102189781 0.0170316301703163 0.0121654501216545
0.0097323600973236 0 0 0.0072992700729927 0.0048661800486618 0 0.0145985401459854 0.0072992700729927 0.0024330900243309
0.0024330900243309 0.0510948905109489 0.0121654501216545 0.0145985401459854 0.0170316301703163 0.0048661800486618 0.0170316301703163 0.0170316301703163 0
0.0121654501216545 0.311435523114355 0.0218978102189781 0.0267639902676399 0.024330900243309 0.024330900243309 0.0364963503649635 0.0218978102189781 0
0.0121654501216545 0 0.0267639902676399 0.0097323600973236 0.0145985401459854 0.0097323600973236 0.0097323600973236 0.0072992700729927 0.0413625304136253
0.0316301703163017 0 0.0145985401459854 0.024330900243309 0.0218978102189781 0.0097323600973236 0.0145985401459854 0.024330900243309 0
0.0024330900243309 0 0.0024330900243309 0.0048661800486618 0.0097323600973236 0.0024330900243309 0.0097323600973236 0.0072992700729927 0
0.0194647201946472 0.0024330900243309 0.0170316301703163 0.0194647201946472 0.0413625304136253 0.024330900243309 0.0121654501216545 0.0218978102189781 0.0924574209245742
0.0340632603406326 0 0.0340632603406326 0.0121654501216545 0.0194647201946472 0.0145985401459854 0.0145985401459854 0.0267639902676399 0
0.0291970802919708 0 0.0340632603406326 0.0827250608272506 0.0194647201946472 0.0437956204379562 0.0267639902676399 0.0364963503649635 0.0851581508515815
0.0097323600973236 0.0121654501216545 0.024330900243309 0.0072992700729927 0.0097323600973236 0.0024330900243309 0.0121654501216545 0.0072992700729927 0.0048661800486618
0.0048661800486618 0 0.0583941605839416 0.0121654501216545 0.0145985401459854 0.0097323600973236 0.0218978102189781 0.0024330900243309 0
0.0048661800486618 0 0.0121654501216545 0.0097323600973236 0.0194647201946472 0.024330900243309 0.0267639902676399 0.0218978102189781 0
0.0145985401459854 0.0024330900243309 0.0121654501216545 0.0218978102189781 0.0121654501216545 0.0121654501216545 0.0048661800486618 0.0170316301703163 0
0.0267639902676399 0 0.0097323600973236 0.0121654501216545 0.024330900243309 0.0267639902676399 0.0121654501216545 0.0218978102189781 0
0.0291970802919708 0 0.0170316301703163 0.0170316301703163 0.0097323600973236 0.0267639902676399 0.0145985401459854 0.0218978102189781 0
0.0048661800486618 0 0.0267639902676399 0.0267639902676399 0.0097323600973236 0.0267639902676399 0.0656934306569343 0.0194647201946472 0.0121654501216545
0.0145985401459854 0 0.0218978102189781 0.0218978102189781 0.0218978102189781 0.0851581508515815 0.0121654501216545 0.0608272506082725 0.0608272506082725
0.0145985401459854 0 0.0024330900243309 0.0121654501216545 0.0535279805352798 0.0097323600973236 0.0121654501216545 0.0048661800486618 0.0218978102189781
0.0121654501216545 0 0.0097323600973236 0.0097323600973236 0.0145985401459854 0.0048661800486618 0.0194647201946472 0.0145985401459854 0.0462287104622871
