0.0045045045045045 0.00900900900900901 0.00900900900900901 0.0045045045045045 0.0045045045045045 0.00900900900900901 0.00900900900900901 0.0045045045045045 0.0045045045045045
0 0 0 0 0 0 0 0 0
0 0.202702702702703 0.00900900900900901 0 0.0045045045045045 0.0045045045045045 0.225225225225225 0 0
0.00900900900900901 0.0045045045045045 0.00900900900900901 0.0045045045045045 0.234234234234234 0.0135135135135135 0.00900900900900901 0 0
0.00900900900900901 0.0045045045045045 0.018018018018018 0.0045045045045045 0.0135135135135135 0.0045045045045045 0.0045045045045045 0.0045045045045045 0.00900900900900901
0.0045045045045045 0.00900900900900901 0 0 0 0 0 0 0
0 0.0045045045045045 0.0045045045045045 0.0045045045045045 0 0 0 0 0
0.0045045045045045 0.00900900900900901 0 0.0045045045045045 0.0045045045045045 0.0045045045045045 0.00900900900900901 0.00900900900900901 0.220720720720721
0.0045045045045045 0 0.0045045045045045 0.00900900900900901 0.0045045045045045 0.0045045045045045 0.0045045045045045 0.0135135135135135 0
0 0.00900900900900901 0 0.225225225225225 0.0045045045045045 0.211711711711712 0 0.0135135135135135 0.018018018018018
0 0 0 0.0045045045045045 0 0 0 0 0
0 0.0045045045045045 0 0 0 0 0.00900900900900901 0 0.0045045045045045
0 0 0.0045045045045045 0 0.0045045045045045 0 0 0.0045045045045045 0
0 0.00900900900900901 0 0 0 0 0 0 0
0 0 0 0.0045045045045045 0 0.0135135135135135 0 0 0
0.220720720720721 0 0 0.0045045045045045 0 0.0045045045045045 0 0 0
0 0.0045045045045045 0.0045045045045045 0 0 0.0045045045045045 0 0.220720720720721 0.00900900900900901
0.018018018018018 0.0045045045045045 0.0045045045045045 0 0.0045045045045045 0.0045045045045045 0.00900900900900901 0.0045045045045045 0.0045045045045045
0 0 0 0 0 0 0 0 0.0045045045045045
0.0045045045045045 0.0045045045045045 0.211711711711712 0.00900900900900901 0 0 0 0.0045045045045045 0.0045045045045045
