0.00533333333333333 0.008 0.024 0.0133333333333333 0.0186666666666667 0.250666666666667 0.264 0.269333333333333 0
0.008 0 0.00266666666666667 0.00266666666666667 0.00266666666666667 0.00266666666666667 0.00533333333333333 0.00533333333333333 0
0.00266666666666667 0 0.00533333333333333 0.0186666666666667 0 0.00266666666666667 0.008 0.00266666666666667 0
0.00266666666666667 0.00266666666666667 0.00533333333333333 0.008 0.00266666666666667 0.00266666666666667 0 0.008 0
0.266666666666667 0 0.266666666666667 0.00533333333333333 0.0213333333333333 0.00266666666666667 0.00533333333333333 0.00266666666666667 0.309333333333333
0.00266666666666667 0 0.00533333333333333 0.00266666666666667 0.00266666666666667 0.008 0.00266666666666667 0 0.00266666666666667
0.00266666666666667 0 0.00266666666666667 0.00266666666666667 0 0.00266666666666667 0.00266666666666667 0.00533333333333333 0
0.0106666666666667 0.00533333333333333 0.0133333333333333 0.00266666666666667 0.00533333333333333 0.008 0.0106666666666667 0.008 0.00533333333333333
0.00533333333333333 0 0.00533333333333333 0.256 0.00266666666666667 0.00533333333333333 0.00266666666666667 0.00533333333333333 0
0.008 0.008 0.008 0.00533333333333333 0.00266666666666667 0.0186666666666667 0.0133333333333333 0.00533333333333333 0.0293333333333333
0.008 0 0.00533333333333333 0.00266666666666667 0.00266666666666667 0.00266666666666667 0.00533333333333333 0.00266666666666667 0.0133333333333333
0.0106666666666667 0 0.00533333333333333 0.0186666666666667 0 0 0.0133333333333333 0.00533333333333333 0
0 0.352 0.00533333333333333 0.016 0.0106666666666667 0.00533333333333333 0.008 0.024 0.00266666666666667
0.00533333333333333 0.00266666666666667 0.00533333333333333 0.008 0.0106666666666667 0.0186666666666667 0.008 0.0106666666666667 0
0.0186666666666667 0.00266666666666667 0 0.00266666666666667 0.008 0.00533333333333333 0.008 0.008 0.00266666666666667
0.0106666666666667 0.00533333333333333 0.008 0.00533333333333333 0.0106666666666667 0.0213333333333333 0.0133333333333333 0.0133333333333333 0.00266666666666667
0.008 0.008 0.00533333333333333 0.0133333333333333 0.0106666666666667 0.0186666666666667 0.00266666666666667 0.008 0
0.00533333333333333 0.008 0.016 0.0133333333333333 0.016 0.016 0.008 0.0106666666666667 0.00533333333333333
0.00266666666666667 0 0.00266666666666667 0.00266666666666667 0.008 0.00533333333333333 0.00533333333333333 0.00533333333333333 0
0.0186666666666667 0 0.0106666666666667 0.00266666666666667 0.266666666666667 0.00533333333333333 0.016 0.00266666666666667 0.0293333333333333
