0.0350877192982456 0 0.0175438596491228 0.0263157894736842 0.0087719298245614 0 0 0.0087719298245614 0
0.0087719298245614 0 0 0 0 0 0.0087719298245614 0.0087719298245614 0
0 0 0 0 0.0175438596491228 0.0087719298245614 0.0087719298245614 0.0087719298245614 0
0 0 0 0.0175438596491228 0 0.0087719298245614 0.0087719298245614 0.0614035087719298 0.0087719298245614
0 0 0.0175438596491228 0.0175438596491228 0.0087719298245614 0.0263157894736842 0.0087719298245614 0 0.0263157894736842
0 0 0.0087719298245614 0 0.0263157894736842 0.0350877192982456 0 0 0.0087719298245614
0 0.184210526315789 0 0.0087719298245614 0.0087719298245614 0.0175438596491228 0.0087719298245614 0 0.0087719298245614
0.0263157894736842 0 0.0175438596491228 0 0.0175438596491228 0.0175438596491228 0.0175438596491228 0.0263157894736842 0
0 0 0.0087719298245614 0.0087719298245614 0.0087719298245614 0 0.0087719298245614 0 0
0.0087719298245614 0 0.0087719298245614 0.0087719298245614 0.0263157894736842 0.0087719298245614 0.0263157894736842 0.0175438596491228 0.0701754385964912
0.0087719298245614 0.0087719298245614 0.0175438596491228 0 0 0 0 0 0
0.0175438596491228 0 0.0175438596491228 0.0087719298245614 0 0 0.0263157894736842 0.0175438596491228 0
0 0 0 0.0526315789473684 0 0.0087719298245614 0.0175438596491228 0.0175438596491228 0
0.0087719298245614 0 0.0087719298245614 0.0175438596491228 0.0175438596491228 0.0087719298245614 0.0087719298245614 0.0175438596491228 0
0 0.0175438596491228 0 0.0263157894736842 0.0087719298245614 0.0087719298245614 0.0175438596491228 0 0
0.043859649122807 0 0.0701754385964912 0.0087719298245614 0.0087719298245614 0.0087719298245614 0.0175438596491228 0 0
0.0263157894736842 0 0.0087719298245614 0.0087719298245614 0.0087719298245614 0.0087719298245614 0.0087719298245614 0.0263157894736842 0.0087719298245614
0.0175438596491228 0 0.0087719298245614 0 0.0263157894736842 0.0350877192982456 0 0 0
0 0 0 0 0 0 0 0 0
0.0087719298245614 0 0 0 0.0175438596491228 0.0087719298245614 0.0175438596491228 0 0.0789473684210526
