0.0467836257309941 0.0409356725146199 0.0233918128654971 0.0292397660818713 0.0116959064327485 0.0175438596491228 0.0292397660818713 0.0350877192982456 0
0.0175438596491228 0.0116959064327485 0.0175438596491228 0.00584795321637427 0.0292397660818713 0.0233918128654971 0.0233918128654971 0.0175438596491228 0
0 0 0.0292397660818713 0.0116959064327485 0.0175438596491228 0.0116959064327485 0.00584795321637427 0 0
0.00584795321637427 0 0.0116959064327485 0.0175438596491228 0.0175438596491228 0.0233918128654971 0.0350877192982456 0 0
0 0.00584795321637427 0.0526315789473684 0.0350877192982456 0.0292397660818713 0.0350877192982456 0.0233918128654971 0.0467836257309941 0.00584795321637427
0.0409356725146199 0.0409356725146199 0.0116959064327485 0.0116959064327485 0.0292397660818713 0.0409356725146199 0.0526315789473684 0.0467836257309941 0
0.00584795321637427 0 0 0.0116959064327485 0.00584795321637427 0.0175438596491228 0.0233918128654971 0 0
0 0.0175438596491228 0.0350877192982456 0.00584795321637427 0.0116959064327485 0.0350877192982456 0.0233918128654971 0.0233918128654971 0.00584795321637427
0.0526315789473684 0.0116959064327485 0.0116959064327485 0.0292397660818713 0.0116959064327485 0.0292397660818713 0.0116959064327485 0.0350877192982456 0.274853801169591
0.0116959064327485 0 0.0409356725146199 0.0175438596491228 0.0233918128654971 0.0350877192982456 0.0584795321637427 0.0350877192982456 0
0.0233918128654971 0 0.0233918128654971 0.0350877192982456 0.0292397660818713 0.0116959064327485 0.0292397660818713 0.00584795321637427 0
0.00584795321637427 0.111111111111111 0.0350877192982456 0.0409356725146199 0.0116959064327485 0.0175438596491228 0.0233918128654971 0.00584795321637427 0
0.00584795321637427 0.00584795321637427 0.00584795321637427 0.0350877192982456 0.0467836257309941 0.0233918128654971 0.00584795321637427 0.0233918128654971 0
0.0350877192982456 0.00584795321637427 0.0116959064327485 0.0175438596491228 0.0175438596491228 0.0116959064327485 0 0.0292397660818713 0
0.0526315789473684 0.0175438596491228 0.00584795321637427 0.0175438596491228 0 0.0116959064327485 0 0.0175438596491228 0.146198830409357
0.0584795321637427 0.0526315789473684 0.0292397660818713 0.0467836257309941 0.0409356725146199 0.0233918128654971 0.0350877192982456 0.0233918128654971 0
0.0233918128654971 0.064327485380117 0.0233918128654971 0.0292397660818713 0.0350877192982456 0.0175438596491228 0 0.0175438596491228 0
0.0175438596491228 0.0584795321637427 0.0116959064327485 0.0233918128654971 0.0175438596491228 0.0292397660818713 0.00584795321637427 0.0292397660818713 0.00584795321637427
0 0 0.00584795321637427 0.0116959064327485 0.0233918128654971 0.0175438596491228 0.0116959064327485 0.00584795321637427 0.00584795321637427
0.0409356725146199 0 0.0584795321637427 0.0116959064327485 0.0350877192982456 0.0116959064327485 0.0467836257309941 0.0467836257309941 0
