0.024390243902439 0 0.0304878048780488 0.0396341463414634 0.0365853658536585 0.0152439024390244 0.00914634146341463 0.0121951219512195 0.00609756097560976
0.00304878048780488 0 0 0 0.00609756097560976 0 0.00304878048780488 0 0.00304878048780488
0.00609756097560976 0 0.00609756097560976 0.00914634146341463 0.00609756097560976 0 0.00609756097560976 0.0182926829268293 0
0.00914634146341463 0 0.00304878048780488 0.0121951219512195 0.0182926829268293 0.00304878048780488 0.0304878048780488 0.0182926829268293 0
0.00609756097560976 0 0.00914634146341463 0.0121951219512195 0.0152439024390244 0.0213414634146341 0.00304878048780488 0.00609756097560976 0.0121951219512195
0.00304878048780488 0 0.0152439024390244 0.00914634146341463 0.0213414634146341 0.0274390243902439 0.0548780487804878 0.024390243902439 0.00304878048780488
0 0 0 0.00914634146341463 0 0.00609756097560976 0.0213414634146341 0.00914634146341463 0.00304878048780488
0.0121951219512195 0 0.0182926829268293 0.0365853658536585 0.0152439024390244 0.0304878048780488 0.0182926829268293 0.0121951219512195 0.0213414634146341
0.0487804878048781 0.00609756097560976 0.00914634146341463 0.00304878048780488 0.00914634146341463 0.00914634146341463 0.00304878048780488 0.00609756097560976 0.0213414634146341
0.00609756097560976 0.00609756097560976 0.0640243902439024 0.024390243902439 0.0426829268292683 0.0518292682926829 0.0609756097560976 0.0731707317073171 0.170731707317073
0.00304878048780488 0.00609756097560976 0.00304878048780488 0 0.00914634146341463 0.00304878048780488 0.00304878048780488 0.00304878048780488 0.00609756097560976
0.00609756097560976 0 0.00609756097560976 0.00914634146341463 0.00914634146341463 0.00304878048780488 0.00609756097560976 0.00914634146341463 0.00304878048780488
0 0 0.00304878048780488 0.0182926829268293 0.00609756097560976 0.00609756097560976 0.0121951219512195 0.00609756097560976 0.00914634146341463
0.00304878048780488 0.00914634146341463 0.0365853658536585 0.0182926829268293 0.0152439024390244 0.0121951219512195 0.0121951219512195 0.0213414634146341 0.00914634146341463
0.128048780487805 0.274390243902439 0.024390243902439 0.0304878048780488 0.0548780487804878 0.0579268292682927 0.0274390243902439 0.024390243902439 0.0121951219512195
0.0152439024390244 0 0.0121951219512195 0.00609756097560976 0 0.0121951219512195 0.00304878048780488 0.00609756097560976 0
0.00304878048780488 0 0.00914634146341463 0.024390243902439 0.0152439024390244 0.0152439024390244 0.0152439024390244 0.0182926829268293 0
0.00304878048780488 0 0.00609756097560976 0.0213414634146341 0.0121951219512195 0.0152439024390244 0.00609756097560976 0.0182926829268293 0.00914634146341463
0.00914634146341463 0 0.0152439024390244 0.00914634146341463 0.00304878048780488 0.00914634146341463 0.00304878048780488 0.00609756097560976 0.00304878048780488
0.0121951219512195 0 0.0304878048780488 0.00914634146341463 0.00609756097560976 0.00304878048780488 0.00304878048780488 0.00914634146341463 0.00914634146341463
