0.0262793914246196 0.0318118948824343 0.0428769017980636 0.0359612724757953 0.0359612724757953 0.037344398340249 0.0691562932226833 0.029045643153527 0.00691562932226833
0.0138312586445367 0 0.00276625172890733 0.00968188105117566 0.012448132780083 0.0152143845089903 0.004149377593361 0.00691562932226833 0
0.00276625172890733 0 0.0193637621023513 0.0359612724757953 0.0138312586445367 0.00276625172890733 0.0152143845089903 0.0110650069156293 0
0.00553250345781466 0 0.00829875518672199 0.029045643153527 0.0235131396957123 0.00968188105117566 0.0179806362378976 0.00968188105117566 0
0.0276625172890733 0.004149377593361 0.012448132780083 0.0179806362378976 0.04149377593361 0.037344398340249 0.0345781466113416 0.0345781466113416 0.0442600276625173
0.012448132780083 0.00829875518672199 0.00276625172890733 0.0359612724757953 0.0193637621023513 0.0304287690179806 0.020746887966805 0.0221300138312586 0.00276625172890733
0.004149377593361 0.00276625172890733 0.00829875518672199 0.00553250345781466 0.0221300138312586 0.0152143845089903 0.0235131396957123 0.0110650069156293 0
0.0622406639004149 0.0110650069156293 0.016597510373444 0.0359612724757953 0.0428769017980636 0.0580912863070539 0.0401106500691563 0.0401106500691563 0.0940525587828492
0.024896265560166 0 0.0110650069156293 0.0359612724757953 0.00968188105117566 0.0262793914246196 0.016597510373444 0.0152143845089903 0.00276625172890733
0.0954356846473029 0.0152143845089903 0.00553250345781466 0.0387275242047026 0.0539419087136929 0.0691562932226833 0.0401106500691563 0.121715076071923 0.214384508990318
0.016597510373444 0.00968188105117566 0.00968188105117566 0.016597510373444 0.012448132780083 0.024896265560166 0.00829875518672199 0.0235131396957123 0.0580912863070539
0.012448132780083 0.00138312586445367 0.0138312586445367 0.0235131396957123 0.029045643153527 0.0304287690179806 0.0511756569847856 0.0235131396957123 0.00138312586445367
0.0138312586445367 0.00829875518672199 0.301521438450899 0.0567081604426003 0.0470262793914246 0.012448132780083 0.0304287690179806 0.0193637621023513 0.00138312586445367
0.016597510373444 0 0 0.0179806362378976 0.00968188105117566 0.00553250345781466 0.00968188105117566 0.0193637621023513 0.004149377593361
0.0345781466113416 0.00138312586445367 0.00553250345781466 0.0235131396957123 0.0179806362378976 0.0276625172890733 0.0304287690179806 0.016597510373444 0.00276625172890733
0.0567081604426003 0.167358229598893 0.0179806362378976 0.0484094052558783 0.0553250345781466 0.0428769017980636 0.033195020746888 0.045643153526971 0.0110650069156293
0.0442600276625173 0.253112033195021 0.045643153526971 0.033195020746888 0.0511756569847856 0.029045643153527 0.0318118948824343 0.020746887966805 0.00829875518672199
0.0318118948824343 0.0276625172890733 0.0179806362378976 0.0262793914246196 0.0221300138312586 0.037344398340249 0.0193637621023513 0.0235131396957123 0.0816044260027663
0 0.00276625172890733 0.00276625172890733 0.00968188105117566 0.00691562932226833 0.004149377593361 0.0138312586445367 0.012448132780083 0.00829875518672199
0.0484094052558783 0.00553250345781466 0.00553250345781466 0.0138312586445367 0.0235131396957123 0.0345781466113416 0.0401106500691563 0.0442600276625173 0.00829875518672199
