0.0306122448979592 0.0306122448979592 0.0714285714285714 0.0204081632653061 0.0714285714285714 0.0510204081632653 0.0510204081632653 0.0714285714285714 0.0408163265306122
0.0102040816326531 0 0 0.0204081632653061 0.0102040816326531 0 0 0.0102040816326531 0
0 0 0 0.0204081632653061 0.0204081632653061 0.0102040816326531 0 0.0102040816326531 0
0 0 0.0102040816326531 0.0204081632653061 0 0 0.0204081632653061 0.0204081632653061 0
0.0306122448979592 0.0102040816326531 0.0306122448979592 0.0102040816326531 0.0612244897959184 0.0306122448979592 0.0306122448979592 0 0.112244897959184
0 0 0.0102040816326531 0.0102040816326531 0.0510204081632653 0.0816326530612245 0.0102040816326531 0.0306122448979592 0
0.0204081632653061 0 0.0102040816326531 0.0204081632653061 0 0 0.0204081632653061 0.0102040816326531 0
0.0408163265306122 0 0.0306122448979592 0.0204081632653061 0.0102040816326531 0.0306122448979592 0.0204081632653061 0.0204081632653061 0.0714285714285714
0.0204081632653061 0 0.0102040816326531 0.0102040816326531 0.0204081632653061 0.0306122448979592 0.0102040816326531 0.0306122448979592 0
0.122448979591837 0.0102040816326531 0.0102040816326531 0.0306122448979592 0.0510204081632653 0.0612244897959184 0.0612244897959184 0.0612244897959184 0.142857142857143
0.0714285714285714 0 0.0102040816326531 0.0306122448979592 0.0306122448979592 0 0.0408163265306122 0.0102040816326531 0.0408163265306122
0.0102040816326531 0 0.0510204081632653 0.0204081632653061 0.0204081632653061 0 0.0510204081632653 0.0306122448979592 0
0 0.438775510204082 0.0204081632653061 0.0918367346938776 0.0204081632653061 0.0408163265306122 0.0714285714285714 0.0612244897959184 0
0.0204081632653061 0 0.0102040816326531 0.0102040816326531 0.0306122448979592 0.0102040816326531 0.0204081632653061 0 0
0.0204081632653061 0.0102040816326531 0.0204081632653061 0.0204081632653061 0.0306122448979592 0.0306122448979592 0.0102040816326531 0.0102040816326531 0.0204081632653061
0.0204081632653061 0 0.0612244897959184 0.0408163265306122 0.0102040816326531 0.0306122448979592 0.0204081632653061 0.0714285714285714 0
0.0408163265306122 0.0102040816326531 0.0714285714285714 0.0510204081632653 0.0204081632653061 0.0408163265306122 0.0510204081632653 0.0204081632653061 0
0.0306122448979592 0.0306122448979592 0.0408163265306122 0.0510204081632653 0.0408163265306122 0.0612244897959184 0.0204081632653061 0.0510204081632653 0.0918367346938776
0.0102040816326531 0 0.0102040816326531 0.0102040816326531 0.0306122448979592 0.0102040816326531 0.0102040816326531 0.0102040816326531 0.0102040816326531
0.0408163265306122 0 0.0612244897959184 0.0306122448979592 0.0102040816326531 0.0204081632653061 0.0204081632653061 0.0102040816326531 0.0102040816326531
