0.0116279069767442 0.0174418604651163 0.00581395348837209 0.00581395348837209 0.0116279069767442 0 0.00581395348837209 0.0116279069767442 0
0 0 0 0.00581395348837209 0.00581395348837209 0 0 0.0116279069767442 0
0 0 0.00581395348837209 0 0.00581395348837209 0 0 0 0
0 0 0 0 0 0 0 0 0
0 0.00581395348837209 0.0348837209302326 0.0174418604651163 0.0116279069767442 0.0232558139534884 0.0174418604651163 0 0
0.0174418604651163 0.0116279069767442 0.00581395348837209 0 0.00581395348837209 0.0116279069767442 0 0.0116279069767442 0
0 0 0 0.00581395348837209 0.00581395348837209 0.00581395348837209 0.00581395348837209 0.00581395348837209 0
0.00581395348837209 0 0.0116279069767442 0.0116279069767442 0 0.0116279069767442 0 0 0.00581395348837209
0.00581395348837209 0 0 0.00581395348837209 0.00581395348837209 0.00581395348837209 0.00581395348837209 0 0.0348837209302326
0.0116279069767442 0 0.0174418604651163 0.0116279069767442 0 0.00581395348837209 0.0232558139534884 0 0.00581395348837209
0 0.00581395348837209 0 0 0 0.00581395348837209 0.0116279069767442 0 0
0 0 0 0.00581395348837209 0.00581395348837209 0 0.00581395348837209 0 0
0.00581395348837209 0 0.00581395348837209 0.0116279069767442 0.00581395348837209 0.0174418604651163 0.0116279069767442 0.0116279069767442 0
0.0232558139534884 0.00581395348837209 0.00581395348837209 0.0232558139534884 0.00581395348837209 0.00581395348837209 0 0 0
0 0 0 0 0.0174418604651163 0 0.0116279069767442 0.0232558139534884 0.0697674418604651
0.0290697674418605 0.0406976744186047 0.0116279069767442 0.0232558139534884 0.0232558139534884 0.0174418604651163 0 0.0174418604651163 0
0.00581395348837209 0.0232558139534884 0.0116279069767442 0.00581395348837209 0.00581395348837209 0.00581395348837209 0.00581395348837209 0.0116279069767442 0
0.00581395348837209 0.0174418604651163 0.00581395348837209 0 0.0116279069767442 0.0116279069767442 0.0174418604651163 0.0116279069767442 0
0 0 0 0 0.00581395348837209 0 0 0.00581395348837209 0
0.0116279069767442 0.00581395348837209 0.0116279069767442 0 0 0.00581395348837209 0.0116279069767442 0.0116279069767442 0.0174418604651163
