0.0104166666666667 0.0442708333333333 0.0234375 0.015625 0.0260416666666667 0.0078125 0.0208333333333333 0.0208333333333333 0
0.0130208333333333 0 0.00260416666666667 0.00520833333333333 0.0130208333333333 0.00260416666666667 0 0.00260416666666667 0
0 0 0.00260416666666667 0.0494791666666667 0.00260416666666667 0.0572916666666667 0.0078125 0.00260416666666667 0
0 0 0.00520833333333333 0.0078125 0.00260416666666667 0.00520833333333333 0.0104166666666667 0.0078125 0
0.0234375 0 0.0104166666666667 0.00520833333333333 0.0364583333333333 0 0.0078125 0.0104166666666667 0
0.0130208333333333 0.00260416666666667 0.0520833333333333 0.0182291666666667 0.0234375 0.0260416666666667 0.0208333333333333 0.0104166666666667 0
0.00260416666666667 0 0.00520833333333333 0.00520833333333333 0.0078125 0.00260416666666667 0.00260416666666667 0.0078125 0
0.0104166666666667 0 0.015625 0.00520833333333333 0.0130208333333333 0.00260416666666667 0.00260416666666667 0.0104166666666667 0.122395833333333
0.0104166666666667 0 0.00260416666666667 0.00520833333333333 0.00520833333333333 0.0078125 0.0104166666666667 0.00520833333333333 0
0.0234375 0.00260416666666667 0.0182291666666667 0.0182291666666667 0.00260416666666667 0.0286458333333333 0.0130208333333333 0.0208333333333333 0.09375
0.00260416666666667 0 0 0.0078125 0.00260416666666667 0 0 0 0.00260416666666667
0 0 0.00260416666666667 0.00260416666666667 0.0078125 0.0104166666666667 0.00520833333333333 0.00520833333333333 0
0.00260416666666667 0 0.015625 0.0130208333333333 0.0104166666666667 0.0104166666666667 0.0208333333333333 0.0182291666666667 0
0.00520833333333333 0 0.0104166666666667 0.0104166666666667 0.00260416666666667 0.00520833333333333 0.0078125 0.00520833333333333 0
0.0208333333333333 0 0.0104166666666667 0.0104166666666667 0.00520833333333333 0.0078125 0.0130208333333333 0.00520833333333333 0
0.0182291666666667 0.0651041666666667 0.0130208333333333 0.0182291666666667 0.0182291666666667 0.0078125 0.0651041666666667 0.0182291666666667 0
0.0104166666666667 0.0885416666666667 0.0130208333333333 0.0130208333333333 0.015625 0.0234375 0.0104166666666667 0.0104166666666667 0
0.0078125 0.0234375 0.0078125 0.00520833333333333 0.0208333333333333 0.0104166666666667 0.00520833333333333 0.0546875 0.00260416666666667
0.00260416666666667 0 0.00260416666666667 0.00260416666666667 0.00260416666666667 0.00520833333333333 0.00260416666666667 0.00520833333333333 0
0.0494791666666667 0 0.0130208333333333 0.0078125 0.0078125 0.00520833333333333 0 0.00520833333333333 0.00520833333333333
