0 0.0138888888888889 0.0138888888888889 0.0138888888888889 0.00694444444444444 0.00694444444444444 0.0138888888888889 0.0138888888888889 0
0.0208333333333333 0 0.0138888888888889 0.00694444444444444 0.00694444444444444 0.0138888888888889 0.0138888888888889 0 0
0.0138888888888889 0 0.00694444444444444 0.0138888888888889 0 0.00694444444444444 0.00694444444444444 0.00694444444444444 0
0 0 0 0 0 0 0 0 0
0.0138888888888889 0.0486111111111111 0.0138888888888889 0.0208333333333333 0.0277777777777778 0.0138888888888889 0.00694444444444444 0.0277777777777778 0.00694444444444444
0.00694444444444444 0.00694444444444444 0.0138888888888889 0.0208333333333333 0.00694444444444444 0.00694444444444444 0 0.0277777777777778 0
0.0277777777777778 0 0 0.00694444444444444 0.0138888888888889 0 0.00694444444444444 0 0
0.0138888888888889 0.0208333333333333 0 0 0 0.00694444444444444 0.00694444444444444 0 0.00694444444444444
0.0208333333333333 0 0.0138888888888889 0.0138888888888889 0.00694444444444444 0.00694444444444444 0.0138888888888889 0.00694444444444444 0.0486111111111111
0.0138888888888889 0.0208333333333333 0.0277777777777778 0.0138888888888889 0.0208333333333333 0.0347222222222222 0.0347222222222222 0.0208333333333333 0.0138888888888889
0.00694444444444444 0.00694444444444444 0 0 0.00694444444444444 0 0 0 0
0 0 0.0138888888888889 0 0.00694444444444444 0.00694444444444444 0.0208333333333333 0.0138888888888889 0
0.00694444444444444 0.0138888888888889 0.0208333333333333 0.0138888888888889 0.0138888888888889 0.0347222222222222 0.00694444444444444 0.00694444444444444 0
0.00694444444444444 0.00694444444444444 0 0.0138888888888889 0 0.0138888888888889 0.0208333333333333 0.00694444444444444 0
0.0208333333333333 0.00694444444444444 0.0277777777777778 0.00694444444444444 0.0347222222222222 0.0138888888888889 0 0.00694444444444444 0.131944444444444
0.0138888888888889 0.00694444444444444 0.00694444444444444 0.0208333333333333 0.00694444444444444 0.00694444444444444 0.00694444444444444 0.0138888888888889 0
0 0 0 0.0138888888888889 0.00694444444444444 0.0138888888888889 0.0138888888888889 0.0138888888888889 0
0 0 0.00694444444444444 0 0.00694444444444444 0.00694444444444444 0.0208333333333333 0 0
0.0138888888888889 0.0208333333333333 0.0138888888888889 0.0277777777777778 0.00694444444444444 0.00694444444444444 0 0 0
0.00694444444444444 0.0347222222222222 0.0138888888888889 0 0.0277777777777778 0.00694444444444444 0.0138888888888889 0.0416666666666667 0
