0.0205128205128205 0.0102564102564103 0.0256410256410256 0.0205128205128205 0.0102564102564103 0.0307692307692308 0.0205128205128205 0.0205128205128205 0
0.0205128205128205 0 0.00512820512820513 0.0102564102564103 0.0102564102564103 0 0.0205128205128205 0.0102564102564103 0
0 0 0.00512820512820513 0.00512820512820513 0.0102564102564103 0.0153846153846154 0 0.00512820512820513 0
0 0 0.00512820512820513 0 0 0 0 0 0
0 0.0307692307692308 0.0256410256410256 0.0205128205128205 0.0102564102564103 0.00512820512820513 0.0512820512820513 0.0153846153846154 0.00512820512820513
0.0153846153846154 0 0.0102564102564103 0.0256410256410256 0.00512820512820513 0.00512820512820513 0.00512820512820513 0.0256410256410256 0
0.0256410256410256 0 0 0.00512820512820513 0.0256410256410256 0.0102564102564103 0 0 0
0.00512820512820513 0.0564102564102564 0.0205128205128205 0.00512820512820513 0 0 0.0102564102564103 0 0
0.0256410256410256 0 0.0153846153846154 0.00512820512820513 0.00512820512820513 0.00512820512820513 0.0102564102564103 0.0256410256410256 0.0615384615384615
0.0307692307692308 0.0666666666666667 0.0102564102564103 0.0102564102564103 0.0153846153846154 0.0256410256410256 0.0256410256410256 0.0205128205128205 0
0.00512820512820513 0.00512820512820513 0.0102564102564103 0.0102564102564103 0 0 0.00512820512820513 0 0
0 0 0.0102564102564103 0.0102564102564103 0.0102564102564103 0 0.00512820512820513 0.0102564102564103 0
0.00512820512820513 0 0.0153846153846154 0.0153846153846154 0.0256410256410256 0.0256410256410256 0 0.00512820512820513 0
0.00512820512820513 0.00512820512820513 0 0.0102564102564103 0.00512820512820513 0.0205128205128205 0.00512820512820513 0.00512820512820513 0
0.0153846153846154 0 0.0205128205128205 0.00512820512820513 0.0153846153846154 0.0102564102564103 0 0.0153846153846154 0.158974358974359
0.0102564102564103 0.0205128205128205 0.0153846153846154 0.0153846153846154 0.0153846153846154 0.0153846153846154 0.0102564102564103 0.0102564102564103 0
0.00512820512820513 0.0205128205128205 0.0153846153846154 0.0205128205128205 0.0256410256410256 0.0205128205128205 0.0205128205128205 0.0102564102564103 0
0.0102564102564103 0.0102564102564103 0.00512820512820513 0.0205128205128205 0.0205128205128205 0.0205128205128205 0.0102564102564103 0.0102564102564103 0
0.0205128205128205 0 0 0.00512820512820513 0.00512820512820513 0 0.00512820512820513 0.00512820512820513 0
0.00512820512820513 0 0.0102564102564103 0.00512820512820513 0.0102564102564103 0.0153846153846154 0.0205128205128205 0.0307692307692308 0
