0.00602409638554217 0 0.0120481927710843 0.0240963855421687 0.00602409638554217 0.0301204819277108 0.0240963855421687 0.0301204819277108 0.0662650602409639
0.0120481927710843 0 0 0.0240963855421687 0 0.0240963855421687 0.0120481927710843 0.0120481927710843 0
0.00602409638554217 0 0.0120481927710843 0.00602409638554217 0 0.0180722891566265 0.0180722891566265 0.00602409638554217 0
0 0.00602409638554217 0 0.0120481927710843 0.00602409638554217 0 0.0180722891566265 0.00602409638554217 0
0.0120481927710843 0.120481927710843 0.0421686746987952 0 0.0481927710843374 0.0240963855421687 0.00602409638554217 0.0481927710843374 0.0240963855421687
0.0180722891566265 0 0.0240963855421687 0 0.0240963855421687 0.0180722891566265 0.0120481927710843 0.0301204819277108 0
0.0180722891566265 0 0.0120481927710843 0.0120481927710843 0 0.00602409638554217 0.0120481927710843 0 0
0.0120481927710843 0 0.0240963855421687 0.036144578313253 0.00602409638554217 0.0180722891566265 0.00602409638554217 0 0.0481927710843374
0.0301204819277108 0 0 0 0.0120481927710843 0.00602409638554217 0.0120481927710843 0.0180722891566265 0
0.0240963855421687 0.00602409638554217 0.0481927710843374 0.036144578313253 0.0602409638554217 0.0542168674698795 0.036144578313253 0.0843373493975904 0.156626506024096
0.00602409638554217 0 0.0180722891566265 0.00602409638554217 0.0120481927710843 0.00602409638554217 0.00602409638554217 0.00602409638554217 0.0180722891566265
0.0120481927710843 0 0.00602409638554217 0.00602409638554217 0.0180722891566265 0.00602409638554217 0.0180722891566265 0 0
0.00602409638554217 0 0.0180722891566265 0.0421686746987952 0 0.0240963855421687 0.0180722891566265 0.0120481927710843 0
0.0180722891566265 0 0.0120481927710843 0.0240963855421687 0.0180722891566265 0 0.0180722891566265 0.00602409638554217 0
0.036144578313253 0 0.0180722891566265 0.0120481927710843 0 0.0421686746987952 0.0240963855421687 0.00602409638554217 0.00602409638554217
0.072289156626506 0 0.0421686746987952 0.0421686746987952 0.0421686746987952 0.036144578313253 0.0240963855421687 0.0301204819277108 0
0.0120481927710843 0.00602409638554217 0.0301204819277108 0.0240963855421687 0.0421686746987952 0.0180722891566265 0.0120481927710843 0.0240963855421687 0
0.0240963855421687 0 0.036144578313253 0.00602409638554217 0.0421686746987952 0.0120481927710843 0.036144578313253 0.00602409638554217 0.0481927710843374
0 0.114457831325301 0.00602409638554217 0.0301204819277108 0.0180722891566265 0.0120481927710843 0.0301204819277108 0 0
0.0421686746987952 0.114457831325301 0.00602409638554217 0.0240963855421687 0.0120481927710843 0.0120481927710843 0.0240963855421687 0.0421686746987952 0
