0.0197368421052632 0 0.0131578947368421 0.0131578947368421 0.0197368421052632 0.0197368421052632 0.0131578947368421 0.00657894736842105 0.0131578947368421
0.0131578947368421 0 0.00657894736842105 0.00657894736842105 0 0.0131578947368421 0.00657894736842105 0 0
0 0.296052631578947 0 0.00657894736842105 0 0 0.184210526315789 0.00657894736842105 0
0.00657894736842105 0.0263157894736842 0.0131578947368421 0.00657894736842105 0.203947368421053 0.0131578947368421 0.0131578947368421 0.0131578947368421 0
0.00657894736842105 0 0 0.00657894736842105 0.00657894736842105 0.00657894736842105 0.00657894736842105 0.0131578947368421 0
0.00657894736842105 0 0 0 0 0.00657894736842105 0.0131578947368421 0.0131578947368421 0
0 0 0 0.0131578947368421 0 0 0 0 0
0.00657894736842105 0 0.0131578947368421 0.0131578947368421 0 0.00657894736842105 0 0.0131578947368421 0.236842105263158
0.00657894736842105 0 0.00657894736842105 0.00657894736842105 0 0.0197368421052632 0.0131578947368421 0 0
0.00657894736842105 0 0.0197368421052632 0.203947368421053 0.0131578947368421 0.184210526315789 0.0263157894736842 0.0197368421052632 0.0197368421052632
0 0 0 0.00657894736842105 0 0 0 0 0
0.00657894736842105 0 0 0 0.0131578947368421 0 0.00657894736842105 0 0
0 0 0 0.00657894736842105 0.00657894736842105 0 0 0.0131578947368421 0
0 0 0.00657894736842105 0.00657894736842105 0 0.0131578947368421 0 0 0
0.00657894736842105 0 0 0.00657894736842105 0 0 0 0.00657894736842105 0
0.210526315789474 0 0.00657894736842105 0.00657894736842105 0.0131578947368421 0.0197368421052632 0.00657894736842105 0 0
0.00657894736842105 0 0.0263157894736842 0.00657894736842105 0.0131578947368421 0.0131578947368421 0.0131578947368421 0.210526315789474 0
0.00657894736842105 0 0.0197368421052632 0.00657894736842105 0.00657894736842105 0.00657894736842105 0.00657894736842105 0.00657894736842105 0.0526315789473684
0.00657894736842105 0 0 0 0.00657894736842105 0 0.00657894736842105 0 0
0.00657894736842105 0 0.190789473684211 0 0.0197368421052632 0 0.00657894736842105 0 0
