0.0779220779220779 0.0194805194805195 0.103896103896104 0.0909090909090909 0.0584415584415584 0.0324675324675325 0.116883116883117 0.0714285714285714 0
0.0194805194805195 0 0 0.00649350649350649 0.00649350649350649 0.00649350649350649 0.00649350649350649 0.00649350649350649 0
0.00649350649350649 0 0.24025974025974 0.0649350649350649 0.025974025974026 0.0194805194805195 0.00649350649350649 0.0324675324675325 0
0.025974025974026 0 0.0649350649350649 0.025974025974026 0 0.012987012987013 0.012987012987013 0.025974025974026 0
0.025974025974026 0 0.0454545454545455 0.038961038961039 0.0324675324675325 0.0454545454545455 0.00649350649350649 0.0454545454545455 0.0649350649350649
0.038961038961039 0 0 0.0844155844155844 0.103896103896104 0.0714285714285714 0.038961038961039 0.0584415584415584 0
0.012987012987013 0 0 0.012987012987013 0.0194805194805195 0.0454545454545455 0.0194805194805195 0.00649350649350649 0
0.0454545454545455 0.0454545454545455 0.012987012987013 0.0324675324675325 0.0324675324675325 0.0194805194805195 0.025974025974026 0.0324675324675325 0
0.038961038961039 0 0 0.0194805194805195 0.012987012987013 0.0194805194805195 0.00649350649350649 0.0194805194805195 0
0.025974025974026 0.038961038961039 0.00649350649350649 0.025974025974026 0.038961038961039 0.0649350649350649 0.149350649350649 0.0844155844155844 0
0.0584415584415584 0.00649350649350649 0.012987012987013 0.012987012987013 0.0194805194805195 0.012987012987013 0.00649350649350649 0.025974025974026 0
0.0194805194805195 0.00649350649350649 0.025974025974026 0.0454545454545455 0.051948051948052 0.0324675324675325 0.025974025974026 0.025974025974026 0
0 0 0 0.0584415584415584 0.0194805194805195 0.038961038961039 0.051948051948052 0.0584415584415584 0
0.038961038961039 0 0.00649350649350649 0.025974025974026 0.0194805194805195 0.00649350649350649 0.012987012987013 0.00649350649350649 0
0.0649350649350649 0 0 0.0324675324675325 0.0324675324675325 0.025974025974026 0.012987012987013 0.0454545454545455 0
0.0714285714285714 0.168831168831169 0.0454545454545455 0.051948051948052 0.0649350649350649 0.0779220779220779 0.0844155844155844 0.038961038961039 0
0.0324675324675325 0.279220779220779 0.012987012987013 0.012987012987013 0.051948051948052 0.0844155844155844 0.0454545454545455 0.0324675324675325 0
0.0454545454545455 0.123376623376623 0.0194805194805195 0.025974025974026 0.038961038961039 0.051948051948052 0.0194805194805195 0.012987012987013 0.012987012987013
0 0 0.025974025974026 0.00649350649350649 0.0194805194805195 0.012987012987013 0.025974025974026 0.012987012987013 0.0454545454545455
0.038961038961039 0 0.0649350649350649 0.012987012987013 0.038961038961039 0.00649350649350649 0.012987012987013 0.0454545454545455 0.564935064935065
