0 0.0508474576271186 0 0.0508474576271186 0.0169491525423729 0.0169491525423729 0 0.0338983050847458 0.0169491525423729
0 0 0 0 0 0 0 0 0
0 0 0 0 0 0 0 0 0
0 0 0 0.0169491525423729 0 0 0 0.0169491525423729 0
0 0 0.101694915254237 0.0508474576271186 0.0338983050847458 0.0169491525423729 0.0338983050847458 0.0169491525423729 0.11864406779661
0 0 0 0 0.0169491525423729 0.0169491525423729 0 0 0
0 0 0 0.0169491525423729 0.0169491525423729 0.0169491525423729 0.0169491525423729 0 0
0 0.0169491525423729 0.0338983050847458 0 0.0169491525423729 0.0169491525423729 0 0.0338983050847458 0.0338983050847458
0.11864406779661 0 0 0.0338983050847458 0 0.0338983050847458 0 0 0
0.0169491525423729 0 0.0338983050847458 0 0.0338983050847458 0.0338983050847458 0.152542372881356 0.0169491525423729 0
0.0169491525423729 0 0.0508474576271186 0.0338983050847458 0.0169491525423729 0 0.0169491525423729 0 0.0508474576271186
0 0.0508474576271186 0.0169491525423729 0.0169491525423729 0.0508474576271186 0.0677966101694915 0 0.0677966101694915 0
0 0 0 0.0169491525423729 0.0169491525423729 0 0 0.0677966101694915 0
0 0 0 0 0 0.0169491525423729 0 0 0
0.169491525423729 0.135593220338983 0.101694915254237 0.11864406779661 0.0677966101694915 0.0338983050847458 0 0.0169491525423729 0
0.0169491525423729 0.0847457627118644 0.0169491525423729 0.0169491525423729 0.0338983050847458 0.0338983050847458 0.0169491525423729 0.0169491525423729 0
0.0169491525423729 0.0169491525423729 0 0 0.0169491525423729 0.0508474576271186 0.0169491525423729 0.0508474576271186 0
0 0.0338983050847458 0 0 0 0 0.0169491525423729 0.0508474576271186 0.0338983050847458
0 0 0 0.0169491525423729 0.0338983050847458 0 0.101694915254237 0 0.0169491525423729
0.0338983050847458 0 0.0338983050847458 0 0.0169491525423729 0.0338983050847458 0.0169491525423729 0 0.11864406779661
